(kicad_pcb (version 20171130) (host pcbnew "(5.0.0-3-g5ebb6b6)")

  (general
    (thickness 1.6)
    (drawings 21)
    (tracks 88)
    (zones 0)
    (modules 13)
    (nets 11)
  )

  (page A4)
  (layers
    (0 F.Cu signal)
    (31 B.Cu signal)
    (32 B.Adhes user)
    (33 F.Adhes user)
    (34 B.Paste user)
    (35 F.Paste user)
    (36 B.SilkS user)
    (37 F.SilkS user)
    (38 B.Mask user)
    (39 F.Mask user)
    (40 Dwgs.User user)
    (41 Cmts.User user)
    (42 Eco1.User user)
    (43 Eco2.User user)
    (44 Edge.Cuts user)
    (45 Margin user)
    (46 B.CrtYd user hide)
    (47 F.CrtYd user hide)
    (48 B.Fab user hide)
    (49 F.Fab user hide)
  )

  (setup
    (last_trace_width 0.4064)
    (user_trace_width 0.1524)
    (user_trace_width 0.254)
    (user_trace_width 0.4064)
    (user_trace_width 0.635)
    (trace_clearance 0.1524)
    (zone_clearance 0.508)
    (zone_45_only no)
    (trace_min 0.1524)
    (segment_width 0.2)
    (edge_width 0.15)
    (via_size 0.6858)
    (via_drill 0.3048)
    (via_min_size 0.6858)
    (via_min_drill 0.3048)
    (uvia_size 0.3048)
    (uvia_drill 0.1524)
    (uvias_allowed no)
    (uvia_min_size 0.2)
    (uvia_min_drill 0.1)
    (pcb_text_width 0.3)
    (pcb_text_size 1.5 1.5)
    (mod_edge_width 0.15)
    (mod_text_size 1 1)
    (mod_text_width 0.15)
    (pad_size 1.524 1.524)
    (pad_drill 0.762)
    (pad_to_mask_clearance 0.2)
    (aux_axis_origin 0 0)
    (visible_elements FFFFFF7F)
    (pcbplotparams
      (layerselection 0x010fc_ffffffff)
      (usegerberextensions false)
      (usegerberattributes false)
      (usegerberadvancedattributes false)
      (creategerberjobfile false)
      (excludeedgelayer true)
      (linewidth 0.100000)
      (plotframeref false)
      (viasonmask false)
      (mode 1)
      (useauxorigin false)
      (hpglpennumber 1)
      (hpglpenspeed 20)
      (hpglpendiameter 15.000000)
      (psnegative false)
      (psa4output false)
      (plotreference true)
      (plotvalue true)
      (plotinvisibletext false)
      (padsonsilk false)
      (subtractmaskfromsilk false)
      (outputformat 1)
      (mirror false)
      (drillshape 1)
      (scaleselection 1)
      (outputdirectory ""))
  )

  (net 0 "")
  (net 1 "Net-(C1-Pad1)")
  (net 2 GND)
  (net 3 "Net-(C2-Pad1)")
  (net 4 "Net-(C1-Pad2)")
  (net 5 "Net-(C2-Pad2)")
  (net 6 +12V)
  (net 7 -12V)
  (net 8 NOP)
  (net 9 OUT)
  (net 10 DI)

  (net_class Default "This is the default net class."
    (clearance 0.1524)
    (trace_width 0.1524)
    (via_dia 0.6858)
    (via_drill 0.3048)
    (uvia_dia 0.3048)
    (uvia_drill 0.1524)
    (diff_pair_gap 0.1524)
    (diff_pair_width 0.1524)
    (add_net +12V)
    (add_net -12V)
    (add_net DI)
    (add_net GND)
    (add_net NOP)
    (add_net "Net-(C1-Pad1)")
    (add_net "Net-(C1-Pad2)")
    (add_net "Net-(C2-Pad1)")
    (add_net "Net-(C2-Pad2)")
    (add_net OUT)
  )

  (module Connector_PinHeader_2.54mm:PinHeader_1x06_P2.54mm_Vertical (layer B.Cu) (tedit 5FC942ED) (tstamp 5FCA2D88)
    (at 116.34 73.16 90)
    (descr "Through hole straight pin header, 1x06, 2.54mm pitch, single row")
    (tags "Through hole pin header THT 1x06 2.54mm single row")
    (path /5FC933AD)
    (fp_text reference J2 (at 0 2.33 90) (layer B.SilkS) hide
      (effects (font (size 1 1) (thickness 0.15)) (justify mirror))
    )
    (fp_text value OUT (at 0 -15.03 90) (layer B.Fab)
      (effects (font (size 1 1) (thickness 0.15)) (justify mirror))
    )
    (fp_line (start -0.635 1.27) (end 1.27 1.27) (layer B.Fab) (width 0.1))
    (fp_line (start 1.27 1.27) (end 1.27 -13.97) (layer B.Fab) (width 0.1))
    (fp_line (start 1.27 -13.97) (end -1.27 -13.97) (layer B.Fab) (width 0.1))
    (fp_line (start -1.27 -13.97) (end -1.27 0.635) (layer B.Fab) (width 0.1))
    (fp_line (start -1.27 0.635) (end -0.635 1.27) (layer B.Fab) (width 0.1))
    (fp_line (start -1.8 1.8) (end -1.8 -14.5) (layer B.CrtYd) (width 0.05))
    (fp_line (start -1.8 -14.5) (end 1.8 -14.5) (layer B.CrtYd) (width 0.05))
    (fp_line (start 1.8 -14.5) (end 1.8 1.8) (layer B.CrtYd) (width 0.05))
    (fp_line (start 1.8 1.8) (end -1.8 1.8) (layer B.CrtYd) (width 0.05))
    (fp_text user %R (at 0 -6.35) (layer B.Fab)
      (effects (font (size 1 1) (thickness 0.15)) (justify mirror))
    )
    (pad 1 thru_hole oval (at 0 0 90) (size 1.7 1.7) (drill 1) (layers *.Cu *.Mask)
      (net 9 OUT))
    (pad 2 thru_hole oval (at 0 -2.54 90) (size 1.7 1.7) (drill 1) (layers *.Cu *.Mask)
      (net 10 DI))
    (pad 3 thru_hole oval (at 0 -5.08 90) (size 1.7 1.7) (drill 1) (layers *.Cu *.Mask)
      (net 8 NOP))
    (pad 4 thru_hole oval (at 0 -7.62 90) (size 1.7 1.7) (drill 1) (layers *.Cu *.Mask)
      (net 2 GND))
    (pad 5 thru_hole oval (at 0 -10.16 90) (size 1.7 1.7) (drill 1) (layers *.Cu *.Mask)
      (net 2 GND))
    (pad 6 thru_hole oval (at 0 -12.7 90) (size 1.7 1.7) (drill 1) (layers *.Cu *.Mask)
      (net 2 GND))
    (model ${KISYS3DMOD}/Connector_PinHeader_2.54mm.3dshapes/PinHeader_1x06_P2.54mm_Vertical.wrl
      (at (xyz 0 0 0))
      (scale (xyz 1 1 1))
      (rotate (xyz 0 0 0))
    )
  )

  (module Connector_PinHeader_2.54mm:PinHeader_1x06_P2.54mm_Vertical (layer B.Cu) (tedit 5FC942C9) (tstamp 5FCA2C6E)
    (at 103.64 57.92 270)
    (descr "Through hole straight pin header, 1x06, 2.54mm pitch, single row")
    (tags "Through hole pin header THT 1x06 2.54mm single row")
    (path /5FCA991E)
    (fp_text reference J3 (at 0 2.33 270) (layer B.SilkS) hide
      (effects (font (size 1 1) (thickness 0.15)) (justify mirror))
    )
    (fp_text value POWER (at 0 -15.03 270) (layer B.Fab)
      (effects (font (size 1 1) (thickness 0.15)) (justify mirror))
    )
    (fp_text user %R (at 0 -6.35 180) (layer B.Fab)
      (effects (font (size 1 1) (thickness 0.15)) (justify mirror))
    )
    (fp_line (start 1.8 1.8) (end -1.8 1.8) (layer B.CrtYd) (width 0.05))
    (fp_line (start 1.8 -14.5) (end 1.8 1.8) (layer B.CrtYd) (width 0.05))
    (fp_line (start -1.8 -14.5) (end 1.8 -14.5) (layer B.CrtYd) (width 0.05))
    (fp_line (start -1.8 1.8) (end -1.8 -14.5) (layer B.CrtYd) (width 0.05))
    (fp_line (start -1.27 0.635) (end -0.635 1.27) (layer B.Fab) (width 0.1))
    (fp_line (start -1.27 -13.97) (end -1.27 0.635) (layer B.Fab) (width 0.1))
    (fp_line (start 1.27 -13.97) (end -1.27 -13.97) (layer B.Fab) (width 0.1))
    (fp_line (start 1.27 1.27) (end 1.27 -13.97) (layer B.Fab) (width 0.1))
    (fp_line (start -0.635 1.27) (end 1.27 1.27) (layer B.Fab) (width 0.1))
    (pad 6 thru_hole oval (at 0 -12.7 270) (size 1.7 1.7) (drill 1) (layers *.Cu *.Mask)
      (net 7 -12V))
    (pad 5 thru_hole oval (at 0 -10.16 270) (size 1.7 1.7) (drill 1) (layers *.Cu *.Mask)
      (net 6 +12V))
    (pad 4 thru_hole oval (at 0 -7.62 270) (size 1.7 1.7) (drill 1) (layers *.Cu *.Mask)
      (net 2 GND))
    (pad 3 thru_hole oval (at 0 -5.08 270) (size 1.7 1.7) (drill 1) (layers *.Cu *.Mask)
      (net 2 GND))
    (pad 2 thru_hole oval (at 0 -2.54 270) (size 1.7 1.7) (drill 1) (layers *.Cu *.Mask)
      (net 2 GND))
    (pad 1 thru_hole oval (at 0 0 270) (size 1.7 1.7) (drill 1) (layers *.Cu *.Mask)
      (net 2 GND))
    (model ${KISYS3DMOD}/Connector_PinHeader_2.54mm.3dshapes/PinHeader_1x06_P2.54mm_Vertical.wrl
      (at (xyz 0 0 0))
      (scale (xyz 1 1 1))
      (rotate (xyz 0 0 0))
    )
  )

  (module Capacitor_SMD:C_0603_1608Metric (layer F.Cu) (tedit 5B301BBE) (tstamp 5FCA2467)
    (at 122.055 57.539 180)
    (descr "Capacitor SMD 0603 (1608 Metric), square (rectangular) end terminal, IPC_7351 nominal, (Body size source: http://www.tortai-tech.com/upload/download/2011102023233369053.pdf), generated with kicad-footprint-generator")
    (tags capacitor)
    (path /5FC94BD6)
    (attr smd)
    (fp_text reference C1 (at -2.54 0.135 180) (layer F.SilkS)
      (effects (font (size 1 1) (thickness 0.15)))
    )
    (fp_text value 47p (at 0 1.43 180) (layer F.Fab)
      (effects (font (size 1 1) (thickness 0.15)))
    )
    (fp_line (start -0.8 0.4) (end -0.8 -0.4) (layer F.Fab) (width 0.1))
    (fp_line (start -0.8 -0.4) (end 0.8 -0.4) (layer F.Fab) (width 0.1))
    (fp_line (start 0.8 -0.4) (end 0.8 0.4) (layer F.Fab) (width 0.1))
    (fp_line (start 0.8 0.4) (end -0.8 0.4) (layer F.Fab) (width 0.1))
    (fp_line (start -0.162779 -0.51) (end 0.162779 -0.51) (layer F.SilkS) (width 0.12))
    (fp_line (start -0.162779 0.51) (end 0.162779 0.51) (layer F.SilkS) (width 0.12))
    (fp_line (start -1.48 0.73) (end -1.48 -0.73) (layer F.CrtYd) (width 0.05))
    (fp_line (start -1.48 -0.73) (end 1.48 -0.73) (layer F.CrtYd) (width 0.05))
    (fp_line (start 1.48 -0.73) (end 1.48 0.73) (layer F.CrtYd) (width 0.05))
    (fp_line (start 1.48 0.73) (end -1.48 0.73) (layer F.CrtYd) (width 0.05))
    (fp_text user %R (at 0 0 180) (layer F.Fab)
      (effects (font (size 0.4 0.4) (thickness 0.06)))
    )
    (pad 1 smd roundrect (at -0.7875 0 180) (size 0.875 0.95) (layers F.Cu F.Paste F.Mask) (roundrect_rratio 0.25)
      (net 1 "Net-(C1-Pad1)"))
    (pad 2 smd roundrect (at 0.7875 0 180) (size 0.875 0.95) (layers F.Cu F.Paste F.Mask) (roundrect_rratio 0.25)
      (net 4 "Net-(C1-Pad2)"))
    (model ${KISYS3DMOD}/Capacitor_SMD.3dshapes/C_0603_1608Metric.wrl
      (at (xyz 0 0 0))
      (scale (xyz 1 1 1))
      (rotate (xyz 0 0 0))
    )
  )

  (module Capacitor_SMD:C_0603_1608Metric (layer F.Cu) (tedit 5B301BBE) (tstamp 5FCA2557)
    (at 120.785 73.287 180)
    (descr "Capacitor SMD 0603 (1608 Metric), square (rectangular) end terminal, IPC_7351 nominal, (Body size source: http://www.tortai-tech.com/upload/download/2011102023233369053.pdf), generated with kicad-footprint-generator")
    (tags capacitor)
    (path /5FC94DF7)
    (attr smd)
    (fp_text reference C2 (at -2.54 -0.119 180) (layer F.SilkS)
      (effects (font (size 1 1) (thickness 0.15)))
    )
    (fp_text value 560p (at 0 1.43 180) (layer F.Fab)
      (effects (font (size 1 1) (thickness 0.15)))
    )
    (fp_text user %R (at 0 0 180) (layer F.Fab)
      (effects (font (size 0.4 0.4) (thickness 0.06)))
    )
    (fp_line (start 1.48 0.73) (end -1.48 0.73) (layer F.CrtYd) (width 0.05))
    (fp_line (start 1.48 -0.73) (end 1.48 0.73) (layer F.CrtYd) (width 0.05))
    (fp_line (start -1.48 -0.73) (end 1.48 -0.73) (layer F.CrtYd) (width 0.05))
    (fp_line (start -1.48 0.73) (end -1.48 -0.73) (layer F.CrtYd) (width 0.05))
    (fp_line (start -0.162779 0.51) (end 0.162779 0.51) (layer F.SilkS) (width 0.12))
    (fp_line (start -0.162779 -0.51) (end 0.162779 -0.51) (layer F.SilkS) (width 0.12))
    (fp_line (start 0.8 0.4) (end -0.8 0.4) (layer F.Fab) (width 0.1))
    (fp_line (start 0.8 -0.4) (end 0.8 0.4) (layer F.Fab) (width 0.1))
    (fp_line (start -0.8 -0.4) (end 0.8 -0.4) (layer F.Fab) (width 0.1))
    (fp_line (start -0.8 0.4) (end -0.8 -0.4) (layer F.Fab) (width 0.1))
    (pad 2 smd roundrect (at 0.7875 0 180) (size 0.875 0.95) (layers F.Cu F.Paste F.Mask) (roundrect_rratio 0.25)
      (net 5 "Net-(C2-Pad2)"))
    (pad 1 smd roundrect (at -0.7875 0 180) (size 0.875 0.95) (layers F.Cu F.Paste F.Mask) (roundrect_rratio 0.25)
      (net 3 "Net-(C2-Pad1)"))
    (model ${KISYS3DMOD}/Capacitor_SMD.3dshapes/C_0603_1608Metric.wrl
      (at (xyz 0 0 0))
      (scale (xyz 1 1 1))
      (rotate (xyz 0 0 0))
    )
  )

  (module Capacitor_SMD:C_0603_1608Metric (layer F.Cu) (tedit 5B301BBE) (tstamp 5FCA2527)
    (at 124.595 68.08 270)
    (descr "Capacitor SMD 0603 (1608 Metric), square (rectangular) end terminal, IPC_7351 nominal, (Body size source: http://www.tortai-tech.com/upload/download/2011102023233369053.pdf), generated with kicad-footprint-generator")
    (tags capacitor)
    (path /5FC94671)
    (attr smd)
    (fp_text reference C3 (at 2.286 0.127) (layer F.SilkS)
      (effects (font (size 1 1) (thickness 0.15)))
    )
    (fp_text value 100n (at 0 1.43 270) (layer F.Fab)
      (effects (font (size 1 1) (thickness 0.15)))
    )
    (fp_line (start -0.8 0.4) (end -0.8 -0.4) (layer F.Fab) (width 0.1))
    (fp_line (start -0.8 -0.4) (end 0.8 -0.4) (layer F.Fab) (width 0.1))
    (fp_line (start 0.8 -0.4) (end 0.8 0.4) (layer F.Fab) (width 0.1))
    (fp_line (start 0.8 0.4) (end -0.8 0.4) (layer F.Fab) (width 0.1))
    (fp_line (start -0.162779 -0.51) (end 0.162779 -0.51) (layer F.SilkS) (width 0.12))
    (fp_line (start -0.162779 0.51) (end 0.162779 0.51) (layer F.SilkS) (width 0.12))
    (fp_line (start -1.48 0.73) (end -1.48 -0.73) (layer F.CrtYd) (width 0.05))
    (fp_line (start -1.48 -0.73) (end 1.48 -0.73) (layer F.CrtYd) (width 0.05))
    (fp_line (start 1.48 -0.73) (end 1.48 0.73) (layer F.CrtYd) (width 0.05))
    (fp_line (start 1.48 0.73) (end -1.48 0.73) (layer F.CrtYd) (width 0.05))
    (fp_text user %R (at 0 0 270) (layer F.Fab)
      (effects (font (size 0.4 0.4) (thickness 0.06)))
    )
    (pad 1 smd roundrect (at -0.7875 0 270) (size 0.875 0.95) (layers F.Cu F.Paste F.Mask) (roundrect_rratio 0.25)
      (net 6 +12V))
    (pad 2 smd roundrect (at 0.7875 0 270) (size 0.875 0.95) (layers F.Cu F.Paste F.Mask) (roundrect_rratio 0.25)
      (net 2 GND))
    (model ${KISYS3DMOD}/Capacitor_SMD.3dshapes/C_0603_1608Metric.wrl
      (at (xyz 0 0 0))
      (scale (xyz 1 1 1))
      (rotate (xyz 0 0 0))
    )
  )

  (module Capacitor_SMD:C_0603_1608Metric (layer F.Cu) (tedit 5B301BBE) (tstamp 5FCA24F7)
    (at 116.975 63.635 90)
    (descr "Capacitor SMD 0603 (1608 Metric), square (rectangular) end terminal, IPC_7351 nominal, (Body size source: http://www.tortai-tech.com/upload/download/2011102023233369053.pdf), generated with kicad-footprint-generator")
    (tags capacitor)
    (path /5FCA8BA7)
    (attr smd)
    (fp_text reference C4 (at 2.285 -0.015 180) (layer F.SilkS)
      (effects (font (size 1 1) (thickness 0.15)))
    )
    (fp_text value 100n (at 0 1.43 90) (layer F.Fab)
      (effects (font (size 1 1) (thickness 0.15)))
    )
    (fp_text user %R (at 0 0 90) (layer F.Fab)
      (effects (font (size 0.4 0.4) (thickness 0.06)))
    )
    (fp_line (start 1.48 0.73) (end -1.48 0.73) (layer F.CrtYd) (width 0.05))
    (fp_line (start 1.48 -0.73) (end 1.48 0.73) (layer F.CrtYd) (width 0.05))
    (fp_line (start -1.48 -0.73) (end 1.48 -0.73) (layer F.CrtYd) (width 0.05))
    (fp_line (start -1.48 0.73) (end -1.48 -0.73) (layer F.CrtYd) (width 0.05))
    (fp_line (start -0.162779 0.51) (end 0.162779 0.51) (layer F.SilkS) (width 0.12))
    (fp_line (start -0.162779 -0.51) (end 0.162779 -0.51) (layer F.SilkS) (width 0.12))
    (fp_line (start 0.8 0.4) (end -0.8 0.4) (layer F.Fab) (width 0.1))
    (fp_line (start 0.8 -0.4) (end 0.8 0.4) (layer F.Fab) (width 0.1))
    (fp_line (start -0.8 -0.4) (end 0.8 -0.4) (layer F.Fab) (width 0.1))
    (fp_line (start -0.8 0.4) (end -0.8 -0.4) (layer F.Fab) (width 0.1))
    (pad 2 smd roundrect (at 0.7875 0 90) (size 0.875 0.95) (layers F.Cu F.Paste F.Mask) (roundrect_rratio 0.25)
      (net 7 -12V))
    (pad 1 smd roundrect (at -0.7875 0 90) (size 0.875 0.95) (layers F.Cu F.Paste F.Mask) (roundrect_rratio 0.25)
      (net 2 GND))
    (model ${KISYS3DMOD}/Capacitor_SMD.3dshapes/C_0603_1608Metric.wrl
      (at (xyz 0 0 0))
      (scale (xyz 1 1 1))
      (rotate (xyz 0 0 0))
    )
  )

  (module Connector_Thonk:ThonkiconnJack (layer F.Cu) (tedit 5FC94102) (tstamp 5FCA18D8)
    (at 109.355 65.54 270)
    (path /5FC82E98)
    (fp_text reference J1 (at 0 -7.5 270) (layer F.SilkS) hide
      (effects (font (size 1 1) (thickness 0.15)))
    )
    (fp_text value IN (at 0 9.3 270) (layer F.Fab)
      (effects (font (size 1 1) (thickness 0.15)))
    )
    (fp_circle (center 0 0) (end 2.2 0) (layer F.SilkS) (width 0.15))
    (fp_line (start -4.5 4.5) (end 4.5 4.5) (layer F.SilkS) (width 0.15))
    (fp_line (start 4.5 -6) (end 4.5 4.5) (layer F.SilkS) (width 0.15))
    (fp_line (start -4.5 -6) (end -4.5 4.5) (layer F.SilkS) (width 0.15))
    (fp_line (start -4.5 -6) (end 4.5 -6) (layer F.SilkS) (width 0.15))
    (fp_circle (center 0 0) (end 1.8 0) (layer F.SilkS) (width 0.15))
    (pad S thru_hole oval (at 0 6.48 270) (size 2.3 1.6) (drill oval 1.3 0.6) (layers *.Cu *.Mask)
      (net 2 GND))
    (pad TN thru_hole oval (at 0 3.38 270) (size 2.5 1.6) (drill oval 1.5 0.6) (layers *.Cu *.Mask)
      (net 8 NOP))
    (pad T thru_hole oval (at 0 -4.92 270) (size 2.5 1.5) (drill oval 1.5 0.5) (layers *.Cu *.Mask)
      (net 10 DI))
    (pad "" np_thru_hole circle (at 0 0 270) (size 3 3) (drill 3) (layers *.Cu *.Mask))
  )

  (module Resistor_SMD:R_0603_1608Metric (layer F.Cu) (tedit 5B301BBD) (tstamp 5FCA24C7)
    (at 118.88 59.825 90)
    (descr "Resistor SMD 0603 (1608 Metric), square (rectangular) end terminal, IPC_7351 nominal, (Body size source: http://www.tortai-tech.com/upload/download/2011102023233369053.pdf), generated with kicad-footprint-generator")
    (tags resistor)
    (path /5FC92D66)
    (attr smd)
    (fp_text reference R1 (at 2.159 0 180) (layer F.SilkS)
      (effects (font (size 1 1) (thickness 0.15)))
    )
    (fp_text value 100k (at 0 1.43 90) (layer F.Fab)
      (effects (font (size 1 1) (thickness 0.15)))
    )
    (fp_line (start -0.8 0.4) (end -0.8 -0.4) (layer F.Fab) (width 0.1))
    (fp_line (start -0.8 -0.4) (end 0.8 -0.4) (layer F.Fab) (width 0.1))
    (fp_line (start 0.8 -0.4) (end 0.8 0.4) (layer F.Fab) (width 0.1))
    (fp_line (start 0.8 0.4) (end -0.8 0.4) (layer F.Fab) (width 0.1))
    (fp_line (start -0.162779 -0.51) (end 0.162779 -0.51) (layer F.SilkS) (width 0.12))
    (fp_line (start -0.162779 0.51) (end 0.162779 0.51) (layer F.SilkS) (width 0.12))
    (fp_line (start -1.48 0.73) (end -1.48 -0.73) (layer F.CrtYd) (width 0.05))
    (fp_line (start -1.48 -0.73) (end 1.48 -0.73) (layer F.CrtYd) (width 0.05))
    (fp_line (start 1.48 -0.73) (end 1.48 0.73) (layer F.CrtYd) (width 0.05))
    (fp_line (start 1.48 0.73) (end -1.48 0.73) (layer F.CrtYd) (width 0.05))
    (fp_text user %R (at 0 0 90) (layer F.Fab)
      (effects (font (size 0.4 0.4) (thickness 0.06)))
    )
    (pad 1 smd roundrect (at -0.7875 0 90) (size 0.875 0.95) (layers F.Cu F.Paste F.Mask) (roundrect_rratio 0.25)
      (net 4 "Net-(C1-Pad2)"))
    (pad 2 smd roundrect (at 0.7875 0 90) (size 0.875 0.95) (layers F.Cu F.Paste F.Mask) (roundrect_rratio 0.25)
      (net 10 DI))
    (model ${KISYS3DMOD}/Resistor_SMD.3dshapes/R_0603_1608Metric.wrl
      (at (xyz 0 0 0))
      (scale (xyz 1 1 1))
      (rotate (xyz 0 0 0))
    )
  )

  (module Resistor_SMD:R_0603_1608Metric (layer F.Cu) (tedit 5B301BBD) (tstamp 5FCA2497)
    (at 122.055 59.444 180)
    (descr "Resistor SMD 0603 (1608 Metric), square (rectangular) end terminal, IPC_7351 nominal, (Body size source: http://www.tortai-tech.com/upload/download/2011102023233369053.pdf), generated with kicad-footprint-generator")
    (tags resistor)
    (path /5FCA6E46)
    (attr smd)
    (fp_text reference R2 (at -2.54 0.262 180) (layer F.SilkS)
      (effects (font (size 1 1) (thickness 0.15)))
    )
    (fp_text value 100k (at 0 1.43 180) (layer F.Fab)
      (effects (font (size 1 1) (thickness 0.15)))
    )
    (fp_text user %R (at 0 0 180) (layer F.Fab)
      (effects (font (size 0.4 0.4) (thickness 0.06)))
    )
    (fp_line (start 1.48 0.73) (end -1.48 0.73) (layer F.CrtYd) (width 0.05))
    (fp_line (start 1.48 -0.73) (end 1.48 0.73) (layer F.CrtYd) (width 0.05))
    (fp_line (start -1.48 -0.73) (end 1.48 -0.73) (layer F.CrtYd) (width 0.05))
    (fp_line (start -1.48 0.73) (end -1.48 -0.73) (layer F.CrtYd) (width 0.05))
    (fp_line (start -0.162779 0.51) (end 0.162779 0.51) (layer F.SilkS) (width 0.12))
    (fp_line (start -0.162779 -0.51) (end 0.162779 -0.51) (layer F.SilkS) (width 0.12))
    (fp_line (start 0.8 0.4) (end -0.8 0.4) (layer F.Fab) (width 0.1))
    (fp_line (start 0.8 -0.4) (end 0.8 0.4) (layer F.Fab) (width 0.1))
    (fp_line (start -0.8 -0.4) (end 0.8 -0.4) (layer F.Fab) (width 0.1))
    (fp_line (start -0.8 0.4) (end -0.8 -0.4) (layer F.Fab) (width 0.1))
    (pad 2 smd roundrect (at 0.7875 0 180) (size 0.875 0.95) (layers F.Cu F.Paste F.Mask) (roundrect_rratio 0.25)
      (net 4 "Net-(C1-Pad2)"))
    (pad 1 smd roundrect (at -0.7875 0 180) (size 0.875 0.95) (layers F.Cu F.Paste F.Mask) (roundrect_rratio 0.25)
      (net 1 "Net-(C1-Pad1)"))
    (model ${KISYS3DMOD}/Resistor_SMD.3dshapes/R_0603_1608Metric.wrl
      (at (xyz 0 0 0))
      (scale (xyz 1 1 1))
      (rotate (xyz 0 0 0))
    )
  )

  (module Resistor_SMD:R_0603_1608Metric (layer F.Cu) (tedit 5B301BBD) (tstamp 5FCA2587)
    (at 124.595 63 90)
    (descr "Resistor SMD 0603 (1608 Metric), square (rectangular) end terminal, IPC_7351 nominal, (Body size source: http://www.tortai-tech.com/upload/download/2011102023233369053.pdf), generated with kicad-footprint-generator")
    (tags resistor)
    (path /5FCA85EE)
    (attr smd)
    (fp_text reference R3 (at 2.286 0.127 180) (layer F.SilkS)
      (effects (font (size 1 1) (thickness 0.15)))
    )
    (fp_text value 100k (at 0 1.43 90) (layer F.Fab)
      (effects (font (size 1 1) (thickness 0.15)))
    )
    (fp_line (start -0.8 0.4) (end -0.8 -0.4) (layer F.Fab) (width 0.1))
    (fp_line (start -0.8 -0.4) (end 0.8 -0.4) (layer F.Fab) (width 0.1))
    (fp_line (start 0.8 -0.4) (end 0.8 0.4) (layer F.Fab) (width 0.1))
    (fp_line (start 0.8 0.4) (end -0.8 0.4) (layer F.Fab) (width 0.1))
    (fp_line (start -0.162779 -0.51) (end 0.162779 -0.51) (layer F.SilkS) (width 0.12))
    (fp_line (start -0.162779 0.51) (end 0.162779 0.51) (layer F.SilkS) (width 0.12))
    (fp_line (start -1.48 0.73) (end -1.48 -0.73) (layer F.CrtYd) (width 0.05))
    (fp_line (start -1.48 -0.73) (end 1.48 -0.73) (layer F.CrtYd) (width 0.05))
    (fp_line (start 1.48 -0.73) (end 1.48 0.73) (layer F.CrtYd) (width 0.05))
    (fp_line (start 1.48 0.73) (end -1.48 0.73) (layer F.CrtYd) (width 0.05))
    (fp_text user %R (at 0 0 90) (layer F.Fab)
      (effects (font (size 0.4 0.4) (thickness 0.06)))
    )
    (pad 1 smd roundrect (at -0.7875 0 90) (size 0.875 0.95) (layers F.Cu F.Paste F.Mask) (roundrect_rratio 0.25)
      (net 5 "Net-(C2-Pad2)"))
    (pad 2 smd roundrect (at 0.7875 0 90) (size 0.875 0.95) (layers F.Cu F.Paste F.Mask) (roundrect_rratio 0.25)
      (net 1 "Net-(C1-Pad1)"))
    (model ${KISYS3DMOD}/Resistor_SMD.3dshapes/R_0603_1608Metric.wrl
      (at (xyz 0 0 0))
      (scale (xyz 1 1 1))
      (rotate (xyz 0 0 0))
    )
  )

  (module Resistor_SMD:R_0603_1608Metric (layer F.Cu) (tedit 5B301BBD) (tstamp 5FCA263B)
    (at 120.785 71.382 180)
    (descr "Resistor SMD 0603 (1608 Metric), square (rectangular) end terminal, IPC_7351 nominal, (Body size source: http://www.tortai-tech.com/upload/download/2011102023233369053.pdf), generated with kicad-footprint-generator")
    (tags resistor)
    (path /5FC9316D)
    (attr smd)
    (fp_text reference R4 (at -2.54 -0.5 180) (layer F.SilkS)
      (effects (font (size 1 1) (thickness 0.15)))
    )
    (fp_text value 10k (at 0 1.43 180) (layer F.Fab)
      (effects (font (size 1 1) (thickness 0.15)))
    )
    (fp_text user %R (at 0 0 180) (layer F.Fab)
      (effects (font (size 0.4 0.4) (thickness 0.06)))
    )
    (fp_line (start 1.48 0.73) (end -1.48 0.73) (layer F.CrtYd) (width 0.05))
    (fp_line (start 1.48 -0.73) (end 1.48 0.73) (layer F.CrtYd) (width 0.05))
    (fp_line (start -1.48 -0.73) (end 1.48 -0.73) (layer F.CrtYd) (width 0.05))
    (fp_line (start -1.48 0.73) (end -1.48 -0.73) (layer F.CrtYd) (width 0.05))
    (fp_line (start -0.162779 0.51) (end 0.162779 0.51) (layer F.SilkS) (width 0.12))
    (fp_line (start -0.162779 -0.51) (end 0.162779 -0.51) (layer F.SilkS) (width 0.12))
    (fp_line (start 0.8 0.4) (end -0.8 0.4) (layer F.Fab) (width 0.1))
    (fp_line (start 0.8 -0.4) (end 0.8 0.4) (layer F.Fab) (width 0.1))
    (fp_line (start -0.8 -0.4) (end 0.8 -0.4) (layer F.Fab) (width 0.1))
    (fp_line (start -0.8 0.4) (end -0.8 -0.4) (layer F.Fab) (width 0.1))
    (pad 2 smd roundrect (at 0.7875 0 180) (size 0.875 0.95) (layers F.Cu F.Paste F.Mask) (roundrect_rratio 0.25)
      (net 5 "Net-(C2-Pad2)"))
    (pad 1 smd roundrect (at -0.7875 0 180) (size 0.875 0.95) (layers F.Cu F.Paste F.Mask) (roundrect_rratio 0.25)
      (net 3 "Net-(C2-Pad1)"))
    (model ${KISYS3DMOD}/Resistor_SMD.3dshapes/R_0603_1608Metric.wrl
      (at (xyz 0 0 0))
      (scale (xyz 1 1 1))
      (rotate (xyz 0 0 0))
    )
  )

  (module Resistor_SMD:R_0603_1608Metric (layer F.Cu) (tedit 5B301BBD) (tstamp 5FC96AFD)
    (at 116.975 67.445 90)
    (descr "Resistor SMD 0603 (1608 Metric), square (rectangular) end terminal, IPC_7351 nominal, (Body size source: http://www.tortai-tech.com/upload/download/2011102023233369053.pdf), generated with kicad-footprint-generator")
    (tags resistor)
    (path /5FC9323B)
    (attr smd)
    (fp_text reference R5 (at -2.151 0 -180) (layer F.SilkS)
      (effects (font (size 1 1) (thickness 0.15)))
    )
    (fp_text value 1k (at 0 1.43 90) (layer F.Fab)
      (effects (font (size 1 1) (thickness 0.15)))
    )
    (fp_line (start -0.8 0.4) (end -0.8 -0.4) (layer F.Fab) (width 0.1))
    (fp_line (start -0.8 -0.4) (end 0.8 -0.4) (layer F.Fab) (width 0.1))
    (fp_line (start 0.8 -0.4) (end 0.8 0.4) (layer F.Fab) (width 0.1))
    (fp_line (start 0.8 0.4) (end -0.8 0.4) (layer F.Fab) (width 0.1))
    (fp_line (start -0.162779 -0.51) (end 0.162779 -0.51) (layer F.SilkS) (width 0.12))
    (fp_line (start -0.162779 0.51) (end 0.162779 0.51) (layer F.SilkS) (width 0.12))
    (fp_line (start -1.48 0.73) (end -1.48 -0.73) (layer F.CrtYd) (width 0.05))
    (fp_line (start -1.48 -0.73) (end 1.48 -0.73) (layer F.CrtYd) (width 0.05))
    (fp_line (start 1.48 -0.73) (end 1.48 0.73) (layer F.CrtYd) (width 0.05))
    (fp_line (start 1.48 0.73) (end -1.48 0.73) (layer F.CrtYd) (width 0.05))
    (fp_text user %R (at 0 0 90) (layer F.Fab)
      (effects (font (size 0.4 0.4) (thickness 0.06)))
    )
    (pad 1 smd roundrect (at -0.7875 0 90) (size 0.875 0.95) (layers F.Cu F.Paste F.Mask) (roundrect_rratio 0.25)
      (net 9 OUT))
    (pad 2 smd roundrect (at 0.7875 0 90) (size 0.875 0.95) (layers F.Cu F.Paste F.Mask) (roundrect_rratio 0.25)
      (net 3 "Net-(C2-Pad1)"))
    (model ${KISYS3DMOD}/Resistor_SMD.3dshapes/R_0603_1608Metric.wrl
      (at (xyz 0 0 0))
      (scale (xyz 1 1 1))
      (rotate (xyz 0 0 0))
    )
  )

  (module Package_SO:SOIC-8_3.9x4.9mm_P1.27mm (layer F.Cu) (tedit 5A02F2D3) (tstamp 5FCA25C3)
    (at 120.785 65.54 270)
    (descr "8-Lead Plastic Small Outline (SN) - Narrow, 3.90 mm Body [SOIC] (see Microchip Packaging Specification 00000049BS.pdf)")
    (tags "SOIC 1.27")
    (path /5FC92B57)
    (attr smd)
    (fp_text reference U1 (at 0.41 -3.805) (layer F.SilkS)
      (effects (font (size 1 1) (thickness 0.15)))
    )
    (fp_text value TL072 (at 0 3.5 270) (layer F.Fab)
      (effects (font (size 1 1) (thickness 0.15)))
    )
    (fp_text user %R (at 0 0 270) (layer F.Fab)
      (effects (font (size 1 1) (thickness 0.15)))
    )
    (fp_line (start -0.95 -2.45) (end 1.95 -2.45) (layer F.Fab) (width 0.1))
    (fp_line (start 1.95 -2.45) (end 1.95 2.45) (layer F.Fab) (width 0.1))
    (fp_line (start 1.95 2.45) (end -1.95 2.45) (layer F.Fab) (width 0.1))
    (fp_line (start -1.95 2.45) (end -1.95 -1.45) (layer F.Fab) (width 0.1))
    (fp_line (start -1.95 -1.45) (end -0.95 -2.45) (layer F.Fab) (width 0.1))
    (fp_line (start -3.73 -2.7) (end -3.73 2.7) (layer F.CrtYd) (width 0.05))
    (fp_line (start 3.73 -2.7) (end 3.73 2.7) (layer F.CrtYd) (width 0.05))
    (fp_line (start -3.73 -2.7) (end 3.73 -2.7) (layer F.CrtYd) (width 0.05))
    (fp_line (start -3.73 2.7) (end 3.73 2.7) (layer F.CrtYd) (width 0.05))
    (fp_line (start -2.075 -2.575) (end -2.075 -2.525) (layer F.SilkS) (width 0.15))
    (fp_line (start 2.075 -2.575) (end 2.075 -2.43) (layer F.SilkS) (width 0.15))
    (fp_line (start 2.075 2.575) (end 2.075 2.43) (layer F.SilkS) (width 0.15))
    (fp_line (start -2.075 2.575) (end -2.075 2.43) (layer F.SilkS) (width 0.15))
    (fp_line (start -2.075 -2.575) (end 2.075 -2.575) (layer F.SilkS) (width 0.15))
    (fp_line (start -2.075 2.575) (end 2.075 2.575) (layer F.SilkS) (width 0.15))
    (fp_line (start -2.075 -2.525) (end -3.475 -2.525) (layer F.SilkS) (width 0.15))
    (pad 1 smd rect (at -2.7 -1.905 270) (size 1.55 0.6) (layers F.Cu F.Paste F.Mask)
      (net 1 "Net-(C1-Pad1)"))
    (pad 2 smd rect (at -2.7 -0.635 270) (size 1.55 0.6) (layers F.Cu F.Paste F.Mask)
      (net 4 "Net-(C1-Pad2)"))
    (pad 3 smd rect (at -2.7 0.635 270) (size 1.55 0.6) (layers F.Cu F.Paste F.Mask)
      (net 2 GND))
    (pad 4 smd rect (at -2.7 1.905 270) (size 1.55 0.6) (layers F.Cu F.Paste F.Mask)
      (net 7 -12V))
    (pad 5 smd rect (at 2.7 1.905 270) (size 1.55 0.6) (layers F.Cu F.Paste F.Mask)
      (net 2 GND))
    (pad 6 smd rect (at 2.7 0.635 270) (size 1.55 0.6) (layers F.Cu F.Paste F.Mask)
      (net 5 "Net-(C2-Pad2)"))
    (pad 7 smd rect (at 2.7 -0.635 270) (size 1.55 0.6) (layers F.Cu F.Paste F.Mask)
      (net 3 "Net-(C2-Pad1)"))
    (pad 8 smd rect (at 2.7 -1.905 270) (size 1.55 0.6) (layers F.Cu F.Paste F.Mask)
      (net 6 +12V))
    (model ${KISYS3DMOD}/Package_SO.3dshapes/SOIC-8_3.9x4.9mm_P1.27mm.wrl
      (at (xyz 0 0 0))
      (scale (xyz 1 1 1))
      (rotate (xyz 0 0 0))
    )
  )

  (gr_text NOP (at 111.26 71.255) (layer F.SilkS) (tstamp 5FF68CC9)
    (effects (font (size 1 0.8) (thickness 0.15)))
  )
  (gr_text DI (at 113.8 71.255) (layer F.SilkS) (tstamp 5FE0C7D5)
    (effects (font (size 1 1) (thickness 0.15)))
  )
  (gr_circle (center 122.77 64.35) (end 123.052843 64.35) (layer F.SilkS) (width 0.15))
  (gr_text "Audio\nIN" (at 103 69) (layer F.SilkS) (tstamp 5FC9695F)
    (effects (font (size 1 0.8) (thickness 0.15)))
  )
  (gr_line (start 101 56) (end 101 75) (layer Edge.Cuts) (width 0.15))
  (gr_line (start 126 56) (end 101 56) (layer Edge.Cuts) (width 0.15))
  (gr_line (start 126 75) (end 126 56) (layer Edge.Cuts) (width 0.15))
  (gr_line (start 101 75) (end 126 75) (layer Edge.Cuts) (width 0.15))
  (gr_text OUT (at 116.34 71.255) (layer F.SilkS) (tstamp 5FCA3192)
    (effects (font (size 1 0.8) (thickness 0.15)))
  )
  (gr_line (start 109.355 71.255) (end 109.355 71.89) (layer F.SilkS) (width 0.2))
  (gr_line (start 108.085 71.255) (end 109.355 71.255) (layer F.SilkS) (width 0.2))
  (gr_line (start 103.005 71.255) (end 104.275 71.255) (layer F.SilkS) (width 0.2))
  (gr_line (start 103.005 71.89) (end 103.005 71.255) (layer F.SilkS) (width 0.2))
  (gr_text GND (at 106.18 71.255) (layer F.SilkS) (tstamp 5FCA3176)
    (effects (font (size 1 1) (thickness 0.15)))
  )
  (gr_line (start 111.895 59.825) (end 111.895 59.19) (layer F.SilkS) (width 0.2))
  (gr_line (start 109.355 59.825) (end 111.895 59.825) (layer F.SilkS) (width 0.2))
  (gr_line (start 103.005 59.825) (end 105.545 59.825) (layer F.SilkS) (width 0.2))
  (gr_line (start 103.005 59.19) (end 103.005 59.825) (layer F.SilkS) (width 0.2))
  (gr_text GND (at 107.45 59.825) (layer F.SilkS) (tstamp 5FCA316C)
    (effects (font (size 1 1) (thickness 0.15)))
  )
  (gr_text -12 (at 116.34 59.825) (layer F.SilkS) (tstamp 5FCA3144)
    (effects (font (size 1 0.8) (thickness 0.15)))
  )
  (gr_text +12 (at 113.8 59.825) (layer F.SilkS)
    (effects (font (size 1 0.8) (thickness 0.15)))
  )

  (segment (start 122.8425 57.539) (end 122.8425 59.444) (width 0.4064) (layer F.Cu) (net 1))
  (segment (start 123.3175 62.2125) (end 122.69 62.84) (width 0.4064) (layer F.Cu) (net 1))
  (segment (start 124.595 62.2125) (end 123.3175 62.2125) (width 0.4064) (layer F.Cu) (net 1))
  (segment (start 122.69 59.5965) (end 122.8425 59.444) (width 0.4064) (layer F.Cu) (net 1))
  (segment (start 122.69 62.84) (end 122.69 59.5965) (width 0.4064) (layer F.Cu) (net 1))
  (via (at 118.4 72.13) (size 0.6858) (drill 0.3048) (layers F.Cu B.Cu) (net 2))
  (via (at 115.9 65.65) (size 0.6858) (drill 0.3048) (layers F.Cu B.Cu) (net 2))
  (via (at 118.47 69.91) (size 0.6858) (drill 0.3048) (layers F.Cu B.Cu) (net 2))
  (via (at 118.47 71.02) (size 0.6858) (drill 0.3048) (layers F.Cu B.Cu) (net 2))
  (via (at 123.04 70.16) (size 0.6858) (drill 0.3048) (layers F.Cu B.Cu) (net 2))
  (via (at 124.84 71.71) (size 0.6858) (drill 0.3048) (layers F.Cu B.Cu) (net 2))
  (via (at 124.88 73.17) (size 0.6858) (drill 0.3048) (layers F.Cu B.Cu) (net 2))
  (via (at 115.63 63.92) (size 0.6858) (drill 0.3048) (layers F.Cu B.Cu) (net 2))
  (via (at 118.53 64.52) (size 0.6858) (drill 0.3048) (layers F.Cu B.Cu) (net 2))
  (via (at 120.18 64.45) (size 0.6858) (drill 0.3048) (layers F.Cu B.Cu) (net 2))
  (segment (start 121.5725 71.382) (end 121.5725 73.287) (width 0.4064) (layer F.Cu) (net 3))
  (segment (start 118.0825 65.55) (end 117.436612 66.195888) (width 0.4064) (layer F.Cu) (net 3))
  (segment (start 117.436612 66.195888) (end 116.975 66.6575) (width 0.4064) (layer F.Cu) (net 3))
  (segment (start 120.66 65.55) (end 118.0825 65.55) (width 0.4064) (layer F.Cu) (net 3))
  (segment (start 121.42 66.31) (end 120.66 65.55) (width 0.4064) (layer F.Cu) (net 3))
  (segment (start 121.42 68.24) (end 121.42 66.31) (width 0.4064) (layer F.Cu) (net 3))
  (segment (start 121.42 71.2295) (end 121.5725 71.382) (width 0.4064) (layer F.Cu) (net 3))
  (segment (start 121.42 68.24) (end 121.42 71.2295) (width 0.4064) (layer F.Cu) (net 3))
  (segment (start 114.275 63.8836) (end 114.275 65.54) (width 0.4064) (layer F.Cu) (net 10))
  (segment (start 118.88 59.0375) (end 117.278716 59.0375) (width 0.4064) (layer F.Cu) (net 10))
  (segment (start 114.275 62.041216) (end 114.275 63.8836) (width 0.4064) (layer F.Cu) (net 10))
  (segment (start 117.278716 59.0375) (end 114.275 62.041216) (width 0.4064) (layer F.Cu) (net 10))
  (segment (start 121.2675 57.539) (end 121.2675 59.444) (width 0.4064) (layer F.Cu) (net 4))
  (segment (start 120.099 60.6125) (end 121.2675 59.444) (width 0.4064) (layer F.Cu) (net 4))
  (segment (start 118.88 60.6125) (end 120.099 60.6125) (width 0.4064) (layer F.Cu) (net 4))
  (segment (start 121.42 59.5965) (end 121.2675 59.444) (width 0.4064) (layer F.Cu) (net 4))
  (segment (start 121.42 62.84) (end 121.42 59.5965) (width 0.4064) (layer F.Cu) (net 4))
  (segment (start 119.9975 71.382) (end 119.9975 73.287) (width 0.4064) (layer F.Cu) (net 5))
  (via (at 124.61 64.93) (size 0.6858) (drill 0.3048) (layers F.Cu B.Cu) (net 5))
  (segment (start 124.595 64.915) (end 124.61 64.93) (width 0.4064) (layer F.Cu) (net 5))
  (segment (start 124.595 63.7875) (end 124.595 64.915) (width 0.4064) (layer F.Cu) (net 5))
  (segment (start 120.15 68.24) (end 120.15 66.52) (width 0.4064) (layer F.Cu) (net 5))
  (segment (start 120.15 66.52) (end 120.24 66.43) (width 0.4064) (layer F.Cu) (net 5))
  (via (at 120.24 66.43) (size 0.6858) (drill 0.3048) (layers F.Cu B.Cu) (net 5))
  (segment (start 120.15 71.2295) (end 119.9975 71.382) (width 0.4064) (layer F.Cu) (net 5))
  (segment (start 120.15 68.24) (end 120.15 71.2295) (width 0.4064) (layer F.Cu) (net 5))
  (segment (start 120.724933 66.43) (end 120.24 66.43) (width 0.4064) (layer B.Cu) (net 5))
  (segment (start 123.42 66.43) (end 120.724933 66.43) (width 0.4064) (layer B.Cu) (net 5))
  (segment (start 124.61 65.24) (end 123.42 66.43) (width 0.4064) (layer B.Cu) (net 5))
  (segment (start 124.61 64.93) (end 124.61 65.24) (width 0.4064) (layer B.Cu) (net 5))
  (segment (start 123.6375 67.2925) (end 122.69 68.24) (width 0.4064) (layer F.Cu) (net 6))
  (segment (start 124.595 67.2925) (end 123.6375 67.2925) (width 0.4064) (layer F.Cu) (net 6))
  (via (at 121.39 64.22) (size 0.6858) (drill 0.3048) (layers F.Cu B.Cu) (net 6))
  (via (at 122.05 64.88) (size 0.6858) (drill 0.3048) (layers F.Cu B.Cu) (net 6))
  (segment (start 121.39 64.22) (end 122.09 64.92) (width 0.4064) (layer B.Cu) (net 6))
  (segment (start 122.392899 65.222899) (end 122.05 64.88) (width 0.4064) (layer F.Cu) (net 6))
  (segment (start 122.69 68.24) (end 122.69 65.52) (width 0.4064) (layer F.Cu) (net 6))
  (segment (start 122.69 65.52) (end 122.392899 65.222899) (width 0.4064) (layer B.Cu) (net 6))
  (segment (start 122.69 65.52) (end 122.392899 65.222899) (width 0.4064) (layer F.Cu) (net 6))
  (segment (start 122.392899 65.222899) (end 122.05 64.88) (width 0.4064) (layer B.Cu) (net 6))
  (via (at 122.69 65.52) (size 0.6858) (drill 0.3048) (layers F.Cu B.Cu) (net 6) (tstamp 5FCA2F63))
  (via (at 122.69 65.52) (size 0.6858) (drill 0.3048) (layers F.Cu B.Cu) (net 6))
  (segment (start 122.05 64.88) (end 121.39 64.22) (width 0.4064) (layer F.Cu) (net 6))
  (segment (start 113.8 59.122081) (end 113.8 57.92) (width 0.4064) (layer B.Cu) (net 6))
  (segment (start 113.8 60.45) (end 113.8 59.122081) (width 0.4064) (layer B.Cu) (net 6))
  (segment (start 115.99 62.64) (end 113.8 60.45) (width 0.4064) (layer B.Cu) (net 6))
  (segment (start 119.81 62.64) (end 115.99 62.64) (width 0.4064) (layer B.Cu) (net 6))
  (segment (start 121.39 64.22) (end 119.81 62.64) (width 0.4064) (layer B.Cu) (net 6))
  (segment (start 116.9825 62.84) (end 116.975 62.8475) (width 0.4064) (layer F.Cu) (net 7))
  (segment (start 118.88 62.84) (end 116.9825 62.84) (width 0.4064) (layer F.Cu) (net 7))
  (via (at 116.99 60.34) (size 0.6858) (drill 0.3048) (layers F.Cu B.Cu) (net 7))
  (via (at 116.99 61.12) (size 0.6858) (drill 0.3048) (layers F.Cu B.Cu) (net 7))
  (segment (start 116.99 60.34) (end 116.99 61.12) (width 0.4064) (layer F.Cu) (net 7))
  (via (at 116.98 61.86) (size 0.6858) (drill 0.3048) (layers F.Cu B.Cu) (net 7))
  (segment (start 116.975 62.8475) (end 116.975 61.865) (width 0.4064) (layer F.Cu) (net 7))
  (segment (start 116.99 60.34) (end 116.99 61.85) (width 0.4064) (layer B.Cu) (net 7))
  (segment (start 116.99 61.85) (end 116.98 61.86) (width 0.4064) (layer B.Cu) (net 7))
  (segment (start 116.975 61.865) (end 116.98 61.86) (width 0.4064) (layer F.Cu) (net 7))
  (segment (start 116.99 61.12) (end 116.99 61.85) (width 0.4064) (layer F.Cu) (net 7))
  (segment (start 116.99 61.85) (end 116.98 61.86) (width 0.4064) (layer F.Cu) (net 7))
  (segment (start 116.34 58.41) (end 116.99 59.06) (width 0.4064) (layer B.Cu) (net 7))
  (segment (start 116.99 59.06) (end 116.99 60.34) (width 0.4064) (layer B.Cu) (net 7))
  (segment (start 116.34 57.92) (end 116.34 58.41) (width 0.4064) (layer B.Cu) (net 7))
  (segment (start 105.975 67.1964) (end 107.3586 68.58) (width 0.4064) (layer F.Cu) (net 8))
  (segment (start 105.975 65.54) (end 105.975 67.1964) (width 0.4064) (layer F.Cu) (net 8))
  (segment (start 107.3586 68.58) (end 110.236 68.58) (width 0.4064) (layer F.Cu) (net 8))
  (segment (start 111.26 69.604) (end 111.26 73.16) (width 0.4064) (layer F.Cu) (net 8))
  (segment (start 110.236 68.58) (end 111.26 69.604) (width 0.4064) (layer F.Cu) (net 8))
  (segment (start 116.34 68.8675) (end 116.975 68.2325) (width 0.4064) (layer F.Cu) (net 9))
  (segment (start 116.34 73.16) (end 116.34 68.8675) (width 0.4064) (layer F.Cu) (net 9))
  (segment (start 113.792 73.152) (end 113.8 73.16) (width 0.4064) (layer F.Cu) (net 10))
  (segment (start 113.792 66.023) (end 113.792 73.152) (width 0.4064) (layer F.Cu) (net 10))
  (segment (start 114.275 65.54) (end 113.792 66.023) (width 0.4064) (layer F.Cu) (net 10))

  (zone (net 2) (net_name GND) (layer F.Cu) (tstamp 0) (hatch edge 0.508)
    (connect_pads (clearance 0.508))
    (min_thickness 0.254)
    (fill yes (arc_segments 16) (thermal_gap 0.508) (thermal_bridge_width 0.508))
    (polygon
      (pts
        (xy 101 56) (xy 101 75) (xy 126 75) (xy 126 56)
      )
    )
    (filled_polygon
      (pts
        (xy 124.722 68.7405) (xy 124.742 68.7405) (xy 124.742 68.9945) (xy 124.722 68.9945) (xy 124.722 69.78125)
        (xy 124.88075 69.94) (xy 125.19631 69.94) (xy 125.29 69.901192) (xy 125.29 74.29) (xy 122.202803 74.29)
        (xy 122.403739 74.155739) (xy 122.591505 73.874727) (xy 122.65744 73.54325) (xy 122.65744 73.03075) (xy 122.591505 72.699273)
        (xy 122.4107 72.428679) (xy 122.4107 72.240321) (xy 122.591505 71.969727) (xy 122.65744 71.63825) (xy 122.65744 71.12575)
        (xy 122.591505 70.794273) (xy 122.403739 70.513261) (xy 122.2582 70.416015) (xy 122.2582 69.636224) (xy 122.39 69.66244)
