(kicad_pcb (version 20171130) (host pcbnew "(5.1.9-0-10_14)")

  (general
    (thickness 1.6)
    (drawings 21)
    (tracks 53)
    (zones 0)
    (modules 13)
    (nets 9)
  )

  (page A4)
  (layers
    (0 F.Cu signal)
    (31 B.Cu signal)
    (32 B.Adhes user)
    (33 F.Adhes user)
    (34 B.Paste user)
    (35 F.Paste user)
    (36 B.SilkS user)
    (37 F.SilkS user)
    (38 B.Mask user)
    (39 F.Mask user)
    (40 Dwgs.User user)
    (41 Cmts.User user)
    (42 Eco1.User user)
    (43 Eco2.User user)
    (44 Edge.Cuts user)
    (45 Margin user)
    (46 B.CrtYd user hide)
    (47 F.CrtYd user hide)
    (48 B.Fab user hide)
    (49 F.Fab user hide)
  )

  (setup
    (last_trace_width 0.1524)
    (user_trace_width 0.1524)
    (user_trace_width 0.254)
    (user_trace_width 0.4064)
    (user_trace_width 0.635)
    (trace_clearance 0.1524)
    (zone_clearance 0.508)
    (zone_45_only no)
    (trace_min 0.1524)
    (via_size 0.6858)
    (via_drill 0.3048)
    (via_min_size 0.6858)
    (via_min_drill 0.3048)
    (uvia_size 0.3048)
    (uvia_drill 0.1524)
    (uvias_allowed no)
    (uvia_min_size 0.2)
    (uvia_min_drill 0.1)
    (edge_width 0.15)
    (segment_width 0.15)
    (pcb_text_width 0.3)
    (pcb_text_size 1.5 1.5)
    (mod_edge_width 0.15)
    (mod_text_size 1 1)
    (mod_text_width 0.15)
    (pad_size 1.524 1.524)
    (pad_drill 0.762)
    (pad_to_mask_clearance 0.07)
    (solder_mask_min_width 0.07)
    (aux_axis_origin 0 0)
    (visible_elements FFFFFF7F)
    (pcbplotparams
      (layerselection 0x010fc_ffffffff)
      (usegerberextensions false)
      (usegerberattributes false)
      (usegerberadvancedattributes false)
      (creategerberjobfile false)
      (excludeedgelayer true)
      (linewidth 0.100000)
      (plotframeref false)
      (viasonmask false)
      (mode 1)
      (useauxorigin false)
      (hpglpennumber 1)
      (hpglpenspeed 20)
      (hpglpendiameter 15.000000)
      (psnegative false)
      (psa4output false)
      (plotreference true)
      (plotvalue true)
      (plotinvisibletext false)
      (padsonsilk false)
      (subtractmaskfromsilk false)
      (outputformat 1)
      (mirror false)
      (drillshape 1)
      (scaleselection 1)
      (outputdirectory ""))
  )

  (net 0 "")
  (net 1 GND)
  (net 2 "Net-(C1-Pad2)")
  (net 3 -12V)
  (net 4 VREF-10)
  (net 5 NOP)
  (net 6 +3V3)
  (net 7 OUT)
  (net 8 DI)

  (net_class Default "This is the default net class."
    (clearance 0.1524)
    (trace_width 0.1524)
    (via_dia 0.6858)
    (via_drill 0.3048)
    (uvia_dia 0.3048)
    (uvia_drill 0.1524)
    (diff_pair_width 0.1524)
    (diff_pair_gap 0.1524)
    (add_net +3V3)
    (add_net -12V)
    (add_net DI)
    (add_net GND)
    (add_net NOP)
    (add_net "Net-(C1-Pad2)")
    (add_net OUT)
    (add_net VREF-10)
  )

  (module Connector_PinHeader_2.54mm:PinHeader_1x06_P2.54mm_Vertical (layer B.Cu) (tedit 5FC942ED) (tstamp 5FCA2D88)
    (at 116.34 73.16 90)
    (descr "Through hole straight pin header, 1x06, 2.54mm pitch, single row")
    (tags "Through hole pin header THT 1x06 2.54mm single row")
    (path /5FC933AD)
    (fp_text reference J2 (at 0 2.33 90) (layer B.SilkS) hide
      (effects (font (size 1 1) (thickness 0.15)) (justify mirror))
    )
    (fp_text value OUT (at 0 -15.03 90) (layer B.Fab)
      (effects (font (size 1 1) (thickness 0.15)) (justify mirror))
    )
    (fp_line (start 1.8 1.8) (end -1.8 1.8) (layer B.CrtYd) (width 0.05))
    (fp_line (start 1.8 -14.5) (end 1.8 1.8) (layer B.CrtYd) (width 0.05))
    (fp_line (start -1.8 -14.5) (end 1.8 -14.5) (layer B.CrtYd) (width 0.05))
    (fp_line (start -1.8 1.8) (end -1.8 -14.5) (layer B.CrtYd) (width 0.05))
    (fp_line (start -1.27 0.635) (end -0.635 1.27) (layer B.Fab) (width 0.1))
    (fp_line (start -1.27 -13.97) (end -1.27 0.635) (layer B.Fab) (width 0.1))
    (fp_line (start 1.27 -13.97) (end -1.27 -13.97) (layer B.Fab) (width 0.1))
    (fp_line (start 1.27 1.27) (end 1.27 -13.97) (layer B.Fab) (width 0.1))
    (fp_line (start -0.635 1.27) (end 1.27 1.27) (layer B.Fab) (width 0.1))
    (fp_text user %R (at 0 -6.35) (layer B.Fab)
      (effects (font (size 1 1) (thickness 0.15)) (justify mirror))
    )
    (pad 1 thru_hole oval (at 0 0 90) (size 1.7 1.7) (drill 1) (layers *.Cu *.Mask)
      (net 1 GND))
    (pad 2 thru_hole oval (at 0 -2.54 90) (size 1.7 1.7) (drill 1) (layers *.Cu *.Mask)
      (net 1 GND))
    (pad 3 thru_hole oval (at 0 -5.08 90) (size 1.7 1.7) (drill 1) (layers *.Cu *.Mask)
      (net 7 OUT))
    (pad 4 thru_hole oval (at 0 -7.62 90) (size 1.7 1.7) (drill 1) (layers *.Cu *.Mask)
      (net 8 DI))
    (pad 5 thru_hole oval (at 0 -10.16 90) (size 1.7 1.7) (drill 1) (layers *.Cu *.Mask)
      (net 5 NOP))
    (pad 6 thru_hole oval (at 0 -12.7 90) (size 1.7 1.7) (drill 1) (layers *.Cu *.Mask)
      (net 1 GND))
    (model ${KISYS3DMOD}/Connector_PinHeader_2.54mm.3dshapes/PinHeader_1x06_P2.54mm_Vertical.wrl
      (at (xyz 0 0 0))
      (scale (xyz 1 1 1))
      (rotate (xyz 0 0 0))
    )
  )

  (module Connector_PinHeader_2.54mm:PinHeader_1x06_P2.54mm_Vertical (layer B.Cu) (tedit 5FC942C9) (tstamp 5FCA2C6E)
    (at 103.64 57.92 270)
    (descr "Through hole straight pin header, 1x06, 2.54mm pitch, single row")
    (tags "Through hole pin header THT 1x06 2.54mm single row")
    (path /5FCA991E)
    (fp_text reference J3 (at 0 2.33 270) (layer B.SilkS) hide
      (effects (font (size 1 1) (thickness 0.15)) (justify mirror))
    )
    (fp_text value POWER (at 0 -15.03 270) (layer B.Fab)
      (effects (font (size 1 1) (thickness 0.15)) (justify mirror))
    )
    (fp_line (start -0.635 1.27) (end 1.27 1.27) (layer B.Fab) (width 0.1))
    (fp_line (start 1.27 1.27) (end 1.27 -13.97) (layer B.Fab) (width 0.1))
    (fp_line (start 1.27 -13.97) (end -1.27 -13.97) (layer B.Fab) (width 0.1))
    (fp_line (start -1.27 -13.97) (end -1.27 0.635) (layer B.Fab) (width 0.1))
    (fp_line (start -1.27 0.635) (end -0.635 1.27) (layer B.Fab) (width 0.1))
    (fp_line (start -1.8 1.8) (end -1.8 -14.5) (layer B.CrtYd) (width 0.05))
    (fp_line (start -1.8 -14.5) (end 1.8 -14.5) (layer B.CrtYd) (width 0.05))
    (fp_line (start 1.8 -14.5) (end 1.8 1.8) (layer B.CrtYd) (width 0.05))
    (fp_line (start 1.8 1.8) (end -1.8 1.8) (layer B.CrtYd) (width 0.05))
    (fp_text user %R (at 0 -6.35 180) (layer B.Fab)
      (effects (font (size 1 1) (thickness 0.15)) (justify mirror))
    )
    (pad 6 thru_hole oval (at 0 -12.7 270) (size 1.7 1.7) (drill 1) (layers *.Cu *.Mask)
      (net 3 -12V))
    (pad 5 thru_hole oval (at 0 -10.16 270) (size 1.7 1.7) (drill 1) (layers *.Cu *.Mask)
      (net 6 +3V3))
    (pad 4 thru_hole oval (at 0 -7.62 270) (size 1.7 1.7) (drill 1) (layers *.Cu *.Mask)
      (net 1 GND))
    (pad 3 thru_hole oval (at 0 -5.08 270) (size 1.7 1.7) (drill 1) (layers *.Cu *.Mask)
      (net 1 GND))
    (pad 2 thru_hole oval (at 0 -2.54 270) (size 1.7 1.7) (drill 1) (layers *.Cu *.Mask)
      (net 1 GND))
    (pad 1 thru_hole oval (at 0 0 270) (size 1.7 1.7) (drill 1) (layers *.Cu *.Mask)
      (net 1 GND))
    (model ${KISYS3DMOD}/Connector_PinHeader_2.54mm.3dshapes/PinHeader_1x06_P2.54mm_Vertical.wrl
      (at (xyz 0 0 0))
      (scale (xyz 1 1 1))
      (rotate (xyz 0 0 0))
    )
  )

  (module Connector_Thonk:ThonkiconnJack (layer F.Cu) (tedit 5FC94102) (tstamp 5FCA18D8)
    (at 109.355 65.54 270)
    (path /5FC82E98)
    (fp_text reference J1 (at 0 -7.5 270) (layer F.SilkS) hide
      (effects (font (size 1 1) (thickness 0.15)))
    )
    (fp_text value IN (at 0 9.3 270) (layer F.Fab)
      (effects (font (size 1 1) (thickness 0.15)))
    )
    (fp_circle (center 0 0) (end 1.8 0) (layer F.SilkS) (width 0.15))
    (fp_line (start -4.5 -6) (end 4.5 -6) (layer F.SilkS) (width 0.15))
    (fp_line (start -4.5 -6) (end -4.5 4.5) (layer F.SilkS) (width 0.15))
    (fp_line (start 4.5 -6) (end 4.5 4.5) (layer F.SilkS) (width 0.15))
    (fp_line (start -4.5 4.5) (end 4.5 4.5) (layer F.SilkS) (width 0.15))
    (fp_circle (center 0 0) (end 2.2 0) (layer F.SilkS) (width 0.15))
    (pad S thru_hole oval (at 0 6.48 270) (size 2.3 1.6) (drill oval 1.3 0.6) (layers *.Cu *.Mask)
      (net 1 GND))
    (pad TN thru_hole oval (at 0 3.38 270) (size 2.5 1.6) (drill oval 1.5 0.6) (layers *.Cu *.Mask)
      (net 5 NOP))
    (pad T thru_hole oval (at 0 -4.92 270) (size 2.5 1.5) (drill oval 1.5 0.5) (layers *.Cu *.Mask)
      (net 8 DI))
    (pad "" np_thru_hole circle (at 0 0 270) (size 3 3) (drill 3) (layers *.Cu *.Mask))
  )

  (module Resistor_SMD:R_0603_1608Metric (layer F.Cu) (tedit 5B301BBD) (tstamp 5FCA24C7)
    (at 118.802 64.474 90)
    (descr "Resistor SMD 0603 (1608 Metric), square (rectangular) end terminal, IPC_7351 nominal, (Body size source: http://www.tortai-tech.com/upload/download/2011102023233369053.pdf), generated with kicad-footprint-generator")
    (tags resistor)
    (path /5FC92D66)
    (attr smd)
    (fp_text reference R1 (at 2.434 0.078 180) (layer F.SilkS)
      (effects (font (size 1 1) (thickness 0.15)))
    )
    (fp_text value 100k (at 0 1.43 90) (layer F.Fab)
      (effects (font (size 1 1) (thickness 0.15)))
    )
    (fp_line (start 1.48 0.73) (end -1.48 0.73) (layer F.CrtYd) (width 0.05))
    (fp_line (start 1.48 -0.73) (end 1.48 0.73) (layer F.CrtYd) (width 0.05))
    (fp_line (start -1.48 -0.73) (end 1.48 -0.73) (layer F.CrtYd) (width 0.05))
    (fp_line (start -1.48 0.73) (end -1.48 -0.73) (layer F.CrtYd) (width 0.05))
    (fp_line (start -0.162779 0.51) (end 0.162779 0.51) (layer F.SilkS) (width 0.12))
    (fp_line (start -0.162779 -0.51) (end 0.162779 -0.51) (layer F.SilkS) (width 0.12))
    (fp_line (start 0.8 0.4) (end -0.8 0.4) (layer F.Fab) (width 0.1))
    (fp_line (start 0.8 -0.4) (end 0.8 0.4) (layer F.Fab) (width 0.1))
    (fp_line (start -0.8 -0.4) (end 0.8 -0.4) (layer F.Fab) (width 0.1))
    (fp_line (start -0.8 0.4) (end -0.8 -0.4) (layer F.Fab) (width 0.1))
    (fp_text user %R (at 0 0 90) (layer F.Fab)
      (effects (font (size 0.4 0.4) (thickness 0.06)))
    )
    (pad 1 smd roundrect (at -0.7875 0 90) (size 0.875 0.95) (layers F.Cu F.Paste F.Mask) (roundrect_rratio 0.25)
      (net 2 "Net-(C1-Pad2)"))
    (pad 2 smd roundrect (at 0.7875 0 90) (size 0.875 0.95) (layers F.Cu F.Paste F.Mask) (roundrect_rratio 0.25)
      (net 8 DI))
    (model ${KISYS3DMOD}/Resistor_SMD.3dshapes/R_0603_1608Metric.wrl
      (at (xyz 0 0 0))
      (scale (xyz 1 1 1))
      (rotate (xyz 0 0 0))
    )
  )

  (module Resistor_SMD:R_0603_1608Metric (layer F.Cu) (tedit 5B301BBD) (tstamp 5FCB06A8)
    (at 123.49 65.75)
    (descr "Resistor SMD 0603 (1608 Metric), square (rectangular) end terminal, IPC_7351 nominal, (Body size source: http://www.tortai-tech.com/upload/download/2011102023233369053.pdf), generated with kicad-footprint-generator")
    (tags resistor)
    (path /5FCABCF0)
    (attr smd)
    (fp_text reference R2 (at -2.624 0.074) (layer F.SilkS)
      (effects (font (size 1 1) (thickness 0.15)))
    )
    (fp_text value 120k (at 0 1.43) (layer F.Fab)
      (effects (font (size 1 1) (thickness 0.15)))
    )
    (fp_line (start -0.8 0.4) (end -0.8 -0.4) (layer F.Fab) (width 0.1))
    (fp_line (start -0.8 -0.4) (end 0.8 -0.4) (layer F.Fab) (width 0.1))
    (fp_line (start 0.8 -0.4) (end 0.8 0.4) (layer F.Fab) (width 0.1))
    (fp_line (start 0.8 0.4) (end -0.8 0.4) (layer F.Fab) (width 0.1))
    (fp_line (start -0.162779 -0.51) (end 0.162779 -0.51) (layer F.SilkS) (width 0.12))
    (fp_line (start -0.162779 0.51) (end 0.162779 0.51) (layer F.SilkS) (width 0.12))
    (fp_line (start -1.48 0.73) (end -1.48 -0.73) (layer F.CrtYd) (width 0.05))
    (fp_line (start -1.48 -0.73) (end 1.48 -0.73) (layer F.CrtYd) (width 0.05))
    (fp_line (start 1.48 -0.73) (end 1.48 0.73) (layer F.CrtYd) (width 0.05))
    (fp_line (start 1.48 0.73) (end -1.48 0.73) (layer F.CrtYd) (width 0.05))
    (fp_text user %R (at 0 0) (layer F.Fab)
      (effects (font (size 0.4 0.4) (thickness 0.06)))
    )
    (pad 2 smd roundrect (at 0.7875 0) (size 0.875 0.95) (layers F.Cu F.Paste F.Mask) (roundrect_rratio 0.25)
      (net 4 VREF-10))
    (pad 1 smd roundrect (at -0.7875 0) (size 0.875 0.95) (layers F.Cu F.Paste F.Mask) (roundrect_rratio 0.25)
      (net 2 "Net-(C1-Pad2)"))
    (model ${KISYS3DMOD}/Resistor_SMD.3dshapes/R_0603_1608Metric.wrl
      (at (xyz 0 0 0))
      (scale (xyz 1 1 1))
      (rotate (xyz 0 0 0))
    )
  )

  (module Resistor_SMD:R_0603_1608Metric (layer F.Cu) (tedit 5B301BBD) (tstamp 5FCB0DBA)
    (at 120.794 69.842 90)
    (descr "Resistor SMD 0603 (1608 Metric), square (rectangular) end terminal, IPC_7351 nominal, (Body size source: http://www.tortai-tech.com/upload/download/2011102023233369053.pdf), generated with kicad-footprint-generator")
    (tags resistor)
    (path /5FCA6E46)
    (attr smd)
    (fp_text reference R3 (at 2.278 -0.144 180) (layer F.SilkS)
      (effects (font (size 1 1) (thickness 0.15)))
    )
    (fp_text value 20k (at 0 1.43 90) (layer F.Fab)
      (effects (font (size 1 1) (thickness 0.15)))
    )
    (fp_line (start 1.48 0.73) (end -1.48 0.73) (layer F.CrtYd) (width 0.05))
    (fp_line (start 1.48 -0.73) (end 1.48 0.73) (layer F.CrtYd) (width 0.05))
    (fp_line (start -1.48 -0.73) (end 1.48 -0.73) (layer F.CrtYd) (width 0.05))
    (fp_line (start -1.48 0.73) (end -1.48 -0.73) (layer F.CrtYd) (width 0.05))
    (fp_line (start -0.162779 0.51) (end 0.162779 0.51) (layer F.SilkS) (width 0.12))
    (fp_line (start -0.162779 -0.51) (end 0.162779 -0.51) (layer F.SilkS) (width 0.12))
    (fp_line (start 0.8 0.4) (end -0.8 0.4) (layer F.Fab) (width 0.1))
    (fp_line (start 0.8 -0.4) (end 0.8 0.4) (layer F.Fab) (width 0.1))
    (fp_line (start -0.8 -0.4) (end 0.8 -0.4) (layer F.Fab) (width 0.1))
    (fp_line (start -0.8 0.4) (end -0.8 -0.4) (layer F.Fab) (width 0.1))
    (fp_text user %R (at 0 0 90) (layer F.Fab)
      (effects (font (size 0.4 0.4) (thickness 0.06)))
    )
    (pad 1 smd roundrect (at -0.7875 0 90) (size 0.875 0.95) (layers F.Cu F.Paste F.Mask) (roundrect_rratio 0.25)
      (net 7 OUT))
    (pad 2 smd roundrect (at 0.7875 0 90) (size 0.875 0.95) (layers F.Cu F.Paste F.Mask) (roundrect_rratio 0.25)
      (net 2 "Net-(C1-Pad2)"))
    (model ${KISYS3DMOD}/Resistor_SMD.3dshapes/R_0603_1608Metric.wrl
      (at (xyz 0 0 0))
      (scale (xyz 1 1 1))
      (rotate (xyz 0 0 0))
    )
  )

  (module Resistor_SMD:R_0603_1608Metric (layer F.Cu) (tedit 5B301BBD) (tstamp 5FCA263B)
    (at 122.996 57.898 180)
    (descr "Resistor SMD 0603 (1608 Metric), square (rectangular) end terminal, IPC_7351 nominal, (Body size source: http://www.tortai-tech.com/upload/download/2011102023233369053.pdf), generated with kicad-footprint-generator")
    (tags resistor)
    (path /5FCAD1D2)
    (attr smd)
    (fp_text reference R4 (at 2.666 -0.112 180) (layer F.SilkS)
      (effects (font (size 1 1) (thickness 0.15)))
    )
    (fp_text value 4.99k (at 0 1.43 180) (layer F.Fab)
      (effects (font (size 1 1) (thickness 0.15)))
    )
    (fp_line (start -0.8 0.4) (end -0.8 -0.4) (layer F.Fab) (width 0.1))
    (fp_line (start -0.8 -0.4) (end 0.8 -0.4) (layer F.Fab) (width 0.1))
    (fp_line (start 0.8 -0.4) (end 0.8 0.4) (layer F.Fab) (width 0.1))
    (fp_line (start 0.8 0.4) (end -0.8 0.4) (layer F.Fab) (width 0.1))
    (fp_line (start -0.162779 -0.51) (end 0.162779 -0.51) (layer F.SilkS) (width 0.12))
    (fp_line (start -0.162779 0.51) (end 0.162779 0.51) (layer F.SilkS) (width 0.12))
    (fp_line (start -1.48 0.73) (end -1.48 -0.73) (layer F.CrtYd) (width 0.05))
    (fp_line (start -1.48 -0.73) (end 1.48 -0.73) (layer F.CrtYd) (width 0.05))
    (fp_line (start 1.48 -0.73) (end 1.48 0.73) (layer F.CrtYd) (width 0.05))
    (fp_line (start 1.48 0.73) (end -1.48 0.73) (layer F.CrtYd) (width 0.05))
    (fp_text user %R (at 0 0 180) (layer F.Fab)
      (effects (font (size 0.4 0.4) (thickness 0.06)))
    )
    (pad 2 smd roundrect (at 0.7875 0 180) (size 0.875 0.95) (layers F.Cu F.Paste F.Mask) (roundrect_rratio 0.25)
      (net 3 -12V))
    (pad 1 smd roundrect (at -0.7875 0 180) (size 0.875 0.95) (layers F.Cu F.Paste F.Mask) (roundrect_rratio 0.25)
      (net 4 VREF-10))
    (model ${KISYS3DMOD}/Resistor_SMD.3dshapes/R_0603_1608Metric.wrl
      (at (xyz 0 0 0))
      (scale (xyz 1 1 1))
      (rotate (xyz 0 0 0))
    )
  )

  (module Resistor_SMD:R_0603_1608Metric (layer F.Cu) (tedit 5B301BBD) (tstamp 5FCB054F)
    (at 116.77 64.474 270)
    (descr "Resistor SMD 0603 (1608 Metric), square (rectangular) end terminal, IPC_7351 nominal, (Body size source: http://www.tortai-tech.com/upload/download/2011102023233369053.pdf), generated with kicad-footprint-generator")
    (tags resistor)
    (path /5FCAD855)
    (attr smd)
    (fp_text reference D1 (at -2.404 0.02) (layer F.SilkS)
      (effects (font (size 1 1) (thickness 0.15)))
    )
    (fp_text value D_TVS (at 0 1.43 270) (layer F.Fab)
      (effects (font (size 1 1) (thickness 0.15)))
    )
    (fp_line (start 1.48 0.73) (end -1.48 0.73) (layer F.CrtYd) (width 0.05))
    (fp_line (start 1.48 -0.73) (end 1.48 0.73) (layer F.CrtYd) (width 0.05))
    (fp_line (start -1.48 -0.73) (end 1.48 -0.73) (layer F.CrtYd) (width 0.05))
    (fp_line (start -1.48 0.73) (end -1.48 -0.73) (layer F.CrtYd) (width 0.05))
    (fp_line (start -0.162779 0.51) (end 0.162779 0.51) (layer F.SilkS) (width 0.12))
    (fp_line (start -0.162779 -0.51) (end 0.162779 -0.51) (layer F.SilkS) (width 0.12))
    (fp_line (start 0.8 0.4) (end -0.8 0.4) (layer F.Fab) (width 0.1))
    (fp_line (start 0.8 -0.4) (end 0.8 0.4) (layer F.Fab) (width 0.1))
    (fp_line (start -0.8 -0.4) (end 0.8 -0.4) (layer F.Fab) (width 0.1))
    (fp_line (start -0.8 0.4) (end -0.8 -0.4) (layer F.Fab) (width 0.1))
    (fp_text user %R (at 0 0 270) (layer F.Fab)
      (effects (font (size 0.4 0.4) (thickness 0.06)))
    )
    (pad 1 smd roundrect (at -0.7875 0 270) (size 0.875 0.95) (layers F.Cu F.Paste F.Mask) (roundrect_rratio 0.25)
      (net 8 DI))
    (pad 2 smd roundrect (at 0.7875 0 270) (size 0.875 0.95) (layers F.Cu F.Paste F.Mask) (roundrect_rratio 0.25)
      (net 1 GND))
    (model ${KISYS3DMOD}/Resistor_SMD.3dshapes/R_0603_1608Metric.wrl
      (at (xyz 0 0 0))
      (scale (xyz 1 1 1))
      (rotate (xyz 0 0 0))
    )
  )

  (module Package_TO_SOT_SMD:SOT-23 (layer F.Cu) (tedit 5A02FF57) (tstamp 5FCB0564)
    (at 122.996 60.946 90)
    (descr "SOT-23, Standard")
    (tags SOT-23)
    (path /5FCAD41B)
    (attr smd)
    (fp_text reference D2 (at 1.016 -3.048 180) (layer F.SilkS)
      (effects (font (size 1 1) (thickness 0.15)))
    )
    (fp_text value LM4040DBZ-10 (at 0 2.5 90) (layer F.Fab)
      (effects (font (size 1 1) (thickness 0.15)))
    )
    (fp_line (start 0.76 1.58) (end -0.7 1.58) (layer F.SilkS) (width 0.12))
    (fp_line (start 0.76 -1.58) (end -1.4 -1.58) (layer F.SilkS) (width 0.12))
    (fp_line (start -1.7 1.75) (end -1.7 -1.75) (layer F.CrtYd) (width 0.05))
    (fp_line (start 1.7 1.75) (end -1.7 1.75) (layer F.CrtYd) (width 0.05))
    (fp_line (start 1.7 -1.75) (end 1.7 1.75) (layer F.CrtYd) (width 0.05))
    (fp_line (start -1.7 -1.75) (end 1.7 -1.75) (layer F.CrtYd) (width 0.05))
    (fp_line (start 0.76 -1.58) (end 0.76 -0.65) (layer F.SilkS) (width 0.12))
    (fp_line (start 0.76 1.58) (end 0.76 0.65) (layer F.SilkS) (width 0.12))
    (fp_line (start -0.7 1.52) (end 0.7 1.52) (layer F.Fab) (width 0.1))
    (fp_line (start 0.7 -1.52) (end 0.7 1.52) (layer F.Fab) (width 0.1))
    (fp_line (start -0.7 -0.95) (end -0.15 -1.52) (layer F.Fab) (width 0.1))
    (fp_line (start -0.15 -1.52) (end 0.7 -1.52) (layer F.Fab) (width 0.1))
    (fp_line (start -0.7 -0.95) (end -0.7 1.5) (layer F.Fab) (width 0.1))
    (fp_text user %R (at 0 0 180) (layer F.Fab)
      (effects (font (size 0.5 0.5) (thickness 0.075)))
    )
    (pad 1 smd rect (at -1 -0.95 90) (size 0.9 0.8) (layers F.Cu F.Paste F.Mask)
      (net 1 GND))
    (pad 2 smd rect (at -1 0.95 90) (size 0.9 0.8) (layers F.Cu F.Paste F.Mask)
      (net 4 VREF-10))
    (pad 3 smd rect (at 1 0 90) (size 0.9 0.8) (layers F.Cu F.Paste F.Mask))
    (model ${KISYS3DMOD}/Package_TO_SOT_SMD.3dshapes/SOT-23.wrl
      (at (xyz 0 0 0))
      (scale (xyz 1 1 1))
      (rotate (xyz 0 0 0))
    )
  )

  (module Package_TO_SOT_SMD:SOT-23-5 (layer F.Cu) (tedit 5A02FF57) (tstamp 5FCB0D52)
    (at 123.534 69.842 270)
    (descr "5-pin SOT23 package")
    (tags SOT-23-5)
    (path /5FCAD503)
    (attr smd)
    (fp_text reference U1 (at 2.328 2.394) (layer F.SilkS)
      (effects (font (size 1 1) (thickness 0.15)))
    )
    (fp_text value MCP6001U (at 0 2.9 270) (layer F.Fab)
      (effects (font (size 1 1) (thickness 0.15)))
    )
    (fp_line (start 0.9 -1.55) (end 0.9 1.55) (layer F.Fab) (width 0.1))
    (fp_line (start 0.9 1.55) (end -0.9 1.55) (layer F.Fab) (width 0.1))
    (fp_line (start -0.9 -0.9) (end -0.9 1.55) (layer F.Fab) (width 0.1))
    (fp_line (start 0.9 -1.55) (end -0.25 -1.55) (layer F.Fab) (width 0.1))
    (fp_line (start -0.9 -0.9) (end -0.25 -1.55) (layer F.Fab) (width 0.1))
    (fp_line (start -1.9 1.8) (end -1.9 -1.8) (layer F.CrtYd) (width 0.05))
    (fp_line (start 1.9 1.8) (end -1.9 1.8) (layer F.CrtYd) (width 0.05))
    (fp_line (start 1.9 -1.8) (end 1.9 1.8) (layer F.CrtYd) (width 0.05))
    (fp_line (start -1.9 -1.8) (end 1.9 -1.8) (layer F.CrtYd) (width 0.05))
    (fp_line (start 0.9 -1.61) (end -1.55 -1.61) (layer F.SilkS) (width 0.12))
    (fp_line (start -0.9 1.61) (end 0.9 1.61) (layer F.SilkS) (width 0.12))
    (fp_text user %R (at 0 0) (layer F.Fab)
      (effects (font (size 0.5 0.5) (thickness 0.075)))
    )
    (pad 1 smd rect (at -1.1 -0.95 270) (size 1.06 0.65) (layers F.Cu F.Paste F.Mask)
      (net 1 GND))
    (pad 2 smd rect (at -1.1 0 270) (size 1.06 0.65) (layers F.Cu F.Paste F.Mask)
      (net 1 GND))
    (pad 3 smd rect (at -1.1 0.95 270) (size 1.06 0.65) (layers F.Cu F.Paste F.Mask)
      (net 2 "Net-(C1-Pad2)"))
    (pad 4 smd rect (at 1.1 0.95 270) (size 1.06 0.65) (layers F.Cu F.Paste F.Mask)
      (net 7 OUT))
    (pad 5 smd rect (at 1.1 -0.95 270) (size 1.06 0.65) (layers F.Cu F.Paste F.Mask)
      (net 6 +3V3))
    (model ${KISYS3DMOD}/Package_TO_SOT_SMD.3dshapes/SOT-23-5.wrl
      (at (xyz 0 0 0))
      (scale (xyz 1 1 1))
      (rotate (xyz 0 0 0))
    )
  )

  (module Capacitor_SMD:C_0603_1608Metric (layer F.Cu) (tedit 5B301BBE) (tstamp 5FCB1DE6)
    (at 123.504 63.994)
    (descr "Capacitor SMD 0603 (1608 Metric), square (rectangular) end terminal, IPC_7351 nominal, (Body size source: http://www.tortai-tech.com/upload/download/2011102023233369053.pdf), generated with kicad-footprint-generator")
    (tags capacitor)
    (path /5FCAD62F)
    (attr smd)
    (fp_text reference C2 (at -2.624 -0.014) (layer F.SilkS)
      (effects (font (size 1 1) (thickness 0.15)))
    )
    (fp_text value 1u (at 0 1.43) (layer F.Fab)
      (effects (font (size 1 1) (thickness 0.15)))
    )
    (fp_line (start 1.48 0.73) (end -1.48 0.73) (layer F.CrtYd) (width 0.05))
    (fp_line (start 1.48 -0.73) (end 1.48 0.73) (layer F.CrtYd) (width 0.05))
    (fp_line (start -1.48 -0.73) (end 1.48 -0.73) (layer F.CrtYd) (width 0.05))
    (fp_line (start -1.48 0.73) (end -1.48 -0.73) (layer F.CrtYd) (width 0.05))
    (fp_line (start -0.162779 0.51) (end 0.162779 0.51) (layer F.SilkS) (width 0.12))
    (fp_line (start -0.162779 -0.51) (end 0.162779 -0.51) (layer F.SilkS) (width 0.12))
    (fp_line (start 0.8 0.4) (end -0.8 0.4) (layer F.Fab) (width 0.1))
    (fp_line (start 0.8 -0.4) (end 0.8 0.4) (layer F.Fab) (width 0.1))
    (fp_line (start -0.8 -0.4) (end 0.8 -0.4) (layer F.Fab) (width 0.1))
    (fp_line (start -0.8 0.4) (end -0.8 -0.4) (layer F.Fab) (width 0.1))
    (fp_text user %R (at 0 0) (layer F.Fab)
      (effects (font (size 0.4 0.4) (thickness 0.06)))
    )
    (pad 1 smd roundrect (at -0.7875 0) (size 0.875 0.95) (layers F.Cu F.Paste F.Mask) (roundrect_rratio 0.25)
      (net 1 GND))
    (pad 2 smd roundrect (at 0.7875 0) (size 0.875 0.95) (layers F.Cu F.Paste F.Mask) (roundrect_rratio 0.25)
      (net 4 VREF-10))
    (model ${KISYS3DMOD}/Capacitor_SMD.3dshapes/C_0603_1608Metric.wrl
      (at (xyz 0 0 0))
      (scale (xyz 1 1 1))
      (rotate (xyz 0 0 0))
    )
  )

  (module Capacitor_SMD:C_0603_1608Metric (layer F.Cu) (tedit 5B301BBE) (tstamp 5FCE3469)
    (at 123.72 73.025)
    (descr "Capacitor SMD 0603 (1608 Metric), square (rectangular) end terminal, IPC_7351 nominal, (Body size source: http://www.tortai-tech.com/upload/download/2011102023233369053.pdf), generated with kicad-footprint-generator")
    (tags capacitor)
    (path /5FCE3B02)
    (attr smd)
    (fp_text reference C3 (at -2.562 0.635) (layer F.SilkS)
      (effects (font (size 1 1) (thickness 0.15)))
    )
    (fp_text value 100n (at 0 1.43) (layer F.Fab)
      (effects (font (size 1 1) (thickness 0.15)))
    )
    (fp_line (start 1.48 0.73) (end -1.48 0.73) (layer F.CrtYd) (width 0.05))
    (fp_line (start 1.48 -0.73) (end 1.48 0.73) (layer F.CrtYd) (width 0.05))
    (fp_line (start -1.48 -0.73) (end 1.48 -0.73) (layer F.CrtYd) (width 0.05))
    (fp_line (start -1.48 0.73) (end -1.48 -0.73) (layer F.CrtYd) (width 0.05))
    (fp_line (start -0.162779 0.51) (end 0.162779 0.51) (layer F.SilkS) (width 0.12))
    (fp_line (start -0.162779 -0.51) (end 0.162779 -0.51) (layer F.SilkS) (width 0.12))
    (fp_line (start 0.8 0.4) (end -0.8 0.4) (layer F.Fab) (width 0.1))
    (fp_line (start 0.8 -0.4) (end 0.8 0.4) (layer F.Fab) (width 0.1))
    (fp_line (start -0.8 -0.4) (end 0.8 -0.4) (layer F.Fab) (width 0.1))
    (fp_line (start -0.8 0.4) (end -0.8 -0.4) (layer F.Fab) (width 0.1))
    (fp_text user %R (at 0 0) (layer F.Fab)
      (effects (font (size 0.4 0.4) (thickness 0.06)))
    )
    (pad 1 smd roundrect (at -0.7875 0) (size 0.875 0.95) (layers F.Cu F.Paste F.Mask) (roundrect_rratio 0.25)
      (net 1 GND))
    (pad 2 smd roundrect (at 0.7875 0) (size 0.875 0.95) (layers F.Cu F.Paste F.Mask) (roundrect_rratio 0.25)
      (net 6 +3V3))
    (model ${KISYS3DMOD}/Capacitor_SMD.3dshapes/C_0603_1608Metric.wrl
      (at (xyz 0 0 0))
      (scale (xyz 1 1 1))
      (rotate (xyz 0 0 0))
    )
  )

  (module Capacitor_SMD:C_0805_2012Metric (layer F.Cu) (tedit 5B36C52B) (tstamp 5FF4CFF7)
    (at 118.762 69.842 90)
    (descr "Capacitor SMD 0805 (2012 Metric), square (rectangular) end terminal, IPC_7351 nominal, (Body size source: https://docs.google.com/spreadsheets/d/1BsfQQcO9C6DZCsRaXUlFlo91Tg2WpOkGARC1WS5S8t0/edit?usp=sharing), generated with kicad-footprint-generator")
    (tags capacitor)
    (path /5FC94BD6)
    (attr smd)
    (fp_text reference C1 (at 2.278 -0.144 180) (layer F.SilkS)
      (effects (font (size 1 1) (thickness 0.15)))
    )
    (fp_text value 33n (at 0 1.65 90) (layer F.Fab)
      (effects (font (size 1 1) (thickness 0.15)))
    )
    (fp_line (start 1.68 0.95) (end -1.68 0.95) (layer F.CrtYd) (width 0.05))
    (fp_line (start 1.68 -0.95) (end 1.68 0.95) (layer F.CrtYd) (width 0.05))
    (fp_line (start -1.68 -0.95) (end 1.68 -0.95) (layer F.CrtYd) (width 0.05))
    (fp_line (start -1.68 0.95) (end -1.68 -0.95) (layer F.CrtYd) (width 0.05))
    (fp_line (start -0.258578 0.71) (end 0.258578 0.71) (layer F.SilkS) (width 0.12))
    (fp_line (start -0.258578 -0.71) (end 0.258578 -0.71) (layer F.SilkS) (width 0.12))
    (fp_line (start 1 0.6) (end -1 0.6) (layer F.Fab) (width 0.1))
    (fp_line (start 1 -0.6) (end 1 0.6) (layer F.Fab) (width 0.1))
    (fp_line (start -1 -0.6) (end 1 -0.6) (layer F.Fab) (width 0.1))
    (fp_line (start -1 0.6) (end -1 -0.6) (layer F.Fab) (width 0.1))
    (fp_text user %R (at 0 0 90) (layer F.Fab)
      (effects (font (size 0.5 0.5) (thickness 0.08)))
    )
    (pad 1 smd roundrect (at -0.9375 0 90) (size 0.975 1.4) (layers F.Cu F.Paste F.Mask) (roundrect_rratio 0.25)
      (net 7 OUT))
    (pad 2 smd roundrect (at 0.9375 0 90) (size 0.975 1.4) (layers F.Cu F.Paste F.Mask) (roundrect_rratio 0.25)
      (net 2 "Net-(C1-Pad2)"))
    (model ${KISYS3DMOD}/Capacitor_SMD.3dshapes/C_0805_2012Metric.wrl
      (at (xyz 0 0 0))
      (scale (xyz 1 1 1))
      (rotate (xyz 0 0 0))
    )
  )

  (gr_line (start 117.221 71.247) (end 116.459 71.247) (layer F.SilkS) (width 0.15))
  (gr_line (start 117.221 71.247) (end 117.221 71.755) (layer F.SilkS) (width 0.15))
  (gr_line (start 112.903 71.247) (end 112.903 71.755) (layer F.SilkS) (width 0.15))
  (gr_line (start 113.665 71.247) (end 112.903 71.247) (layer F.SilkS) (width 0.15))
  (gr_text GND (at 103.64 71.255) (layer F.SilkS) (tstamp 5FF43B2C)
    (effects (font (size 1 0.8) (thickness 0.15)))
  )
  (gr_text NOP (at 106.18 71.255) (layer F.SilkS) (tstamp 5FF43B27)
    (effects (font (size 1 0.8) (thickness 0.15)))
  )
  (gr_text DI (at 108.72 71.255) (layer F.SilkS) (tstamp 5FF43B0F)
    (effects (font (size 1 0.8) (thickness 0.15)))
  )
  (gr_text OUT (at 111.26 71.255) (layer F.SilkS) (tstamp 5FCB0C91)
    (effects (font (size 1 0.8) (thickness 0.15)))
  )
  (gr_text -12V (at 116.85 59.82) (layer F.SilkS) (tstamp 5FCE3D40)
    (effects (font (size 1 0.8) (thickness 0.15)))
  )
  (gr_text "CV\nIN" (at 103 69) (layer F.SilkS) (tstamp 5FC9695F)
    (effects (font (size 1 0.8) (thickness 0.15)))
  )
  (gr_line (start 101 56) (end 101 75) (layer Edge.Cuts) (width 0.15))
  (gr_line (start 126 56) (end 101 56) (layer Edge.Cuts) (width 0.15))
  (gr_line (start 126 75) (end 126 56) (layer Edge.Cuts) (width 0.15))
  (gr_line (start 101 75) (end 126 75) (layer Edge.Cuts) (width 0.15))
  (gr_text GND (at 115.07 71.255) (layer F.SilkS) (tstamp 5FCA3192)
    (effects (font (size 1 0.8) (thickness 0.15)))
  )
  (gr_line (start 111.895 59.825) (end 111.895 59.19) (layer F.SilkS) (width 0.2))
  (gr_line (start 109.355 59.825) (end 111.895 59.825) (layer F.SilkS) (width 0.2))
  (gr_line (start 103.005 59.825) (end 105.545 59.825) (layer F.SilkS) (width 0.2))
  (gr_line (start 103.005 59.19) (end 103.005 59.825) (layer F.SilkS) (width 0.2))
  (gr_text GND (at 107.45 59.825) (layer F.SilkS) (tstamp 5FCA316C)
    (effects (font (size 1 1) (thickness 0.15)))
  )
  (gr_text 3V3A (at 113.7 59.82) (layer F.SilkS)
    (effects (font (size 1 0.8) (thickness 0.15)))
  )

  (via (at 120.92 62.85) (size 0.6858) (drill 0.3048) (layers F.Cu B.Cu) (net 1))
  (via (at 120.65 61.78) (size 0.6858) (drill 0.3048) (layers F.Cu B.Cu) (net 1))
  (via (at 124.52 67.45) (size 0.6858) (drill 0.3048) (layers F.Cu B.Cu) (net 1))
  (via (at 123.58 67.51) (size 0.6858) (drill 0.3048) (layers F.Cu B.Cu) (net 1))
  (segment (start 123.534 68.742) (end 124.484 68.742) (width 0.635) (layer F.Cu) (net 1))
  (segment (start 124.484 67.486) (end 124.52 67.45) (width 0.635) (layer F.Cu) (net 1))
  (segment (start 124.484 68.742) (end 124.484 67.486) (width 0.635) (layer F.Cu) (net 1))
  (segment (start 123.534 67.556) (end 123.58 67.51) (width 0.635) (layer F.Cu) (net 1))
  (segment (start 123.534 68.742) (end 123.534 67.556) (width 0.635) (layer F.Cu) (net 1))
  (via (at 121.42 64.87) (size 0.6858) (drill 0.3048) (layers F.Cu B.Cu) (net 1))
  (segment (start 116.34 73.16) (end 116.34 73.0515) (width 0.4064) (layer F.Cu) (net 1))
  (via (at 115.86 66.56) (size 0.6858) (drill 0.3048) (layers F.Cu B.Cu) (net 1))
  (via (at 117.75 66.44) (size 0.6858) (drill 0.3048) (layers F.Cu B.Cu) (net 1))
  (via (at 116.78 66.77) (size 0.6858) (drill 0.3048) (layers F.Cu B.Cu) (net 1))
  (segment (start 118.802 69.0145) (end 118.762 69.0545) (width 0.4064) (layer F.Cu) (net 2))
  (segment (start 118.802 65.2615) (end 118.802 69.0145) (width 0.4064) (layer F.Cu) (net 2))
  (segment (start 118.762 69.0545) (end 120.794 69.0545) (width 0.4064) (layer F.Cu) (net 2))
  (segment (start 122.2715 69.0545) (end 122.584 68.742) (width 0.4064) (layer F.Cu) (net 2))
  (segment (start 120.794 69.0545) (end 122.2715 69.0545) (width 0.4064) (layer F.Cu) (net 2))
  (segment (start 122.7025 68.6235) (end 122.584 68.742) (width 0.4064) (layer F.Cu) (net 2))
  (segment (start 122.7025 65.75) (end 122.7025 68.6235) (width 0.4064) (layer F.Cu) (net 2))
  (segment (start 122.1865 57.92) (end 122.2085 57.898) (width 0.4064) (layer F.Cu) (net 3))
  (segment (start 116.34 57.92) (end 122.1865 57.92) (width 0.4064) (layer F.Cu) (net 3))
  (segment (start 124.2915 62.2915) (end 123.946 61.946) (width 0.4064) (layer F.Cu) (net 4))
  (segment (start 124.2915 63.994) (end 124.2915 62.2915) (width 0.4064) (layer F.Cu) (net 4))
  (segment (start 123.946 58.0605) (end 123.7835 57.898) (width 0.4064) (layer F.Cu) (net 4))
  (segment (start 123.946 61.946) (end 123.946 58.0605) (width 0.4064) (layer F.Cu) (net 4))
  (segment (start 124.2915 65.736) (end 124.2775 65.75) (width 0.4064) (layer F.Cu) (net 4))
  (segment (start 124.2915 63.994) (end 124.2915 65.736) (width 0.4064) (layer F.Cu) (net 4))
  (segment (start 105.975 72.955) (end 106.18 73.16) (width 0.4064) (layer F.Cu) (net 5))
  (segment (start 105.975 65.54) (end 105.975 72.955) (width 0.4064) (layer F.Cu) (net 5))
  (segment (start 118.514067 72.009) (end 118.999 72.009) (width 0.4064) (layer B.Cu) (net 6))
  (segment (start 112.950001 67.250001) (end 117.709 72.009) (width 0.4064) (layer B.Cu) (net 6))
  (segment (start 113.8 57.92) (end 112.950001 58.769999) (width 0.4064) (layer B.Cu) (net 6))
  (segment (start 112.950001 58.769999) (end 112.950001 67.250001) (width 0.4064) (layer B.Cu) (net 6))
  (segment (start 117.709 72.009) (end 118.514067 72.009) (width 0.4064) (layer B.Cu) (net 6))
  (via (at 118.999 72.009) (size 0.6858) (drill 0.3048) (layers F.Cu B.Cu) (net 6))
  (segment (start 124.46 72.009) (end 119.483933 72.009) (width 0.4064) (layer F.Cu) (net 6))
  (segment (start 124.484 71.985) (end 124.46 72.009) (width 0.4064) (layer F.Cu) (net 6))
  (segment (start 119.483933 72.009) (end 118.999 72.009) (width 0.4064) (layer F.Cu) (net 6))
  (segment (start 124.484 70.942) (end 124.484 71.985) (width 0.4064) (layer F.Cu) (net 6))
  (segment (start 124.5075 72.0085) (end 124.5075 73.025) (width 0.4064) (layer F.Cu) (net 6))
  (segment (start 124.484 71.985) (end 124.5075 72.0085) (width 0.4064) (layer F.Cu) (net 6))
  (segment (start 118.762 70.6295) (end 120.794 70.6295) (width 0.4064) (layer F.Cu) (net 7))
  (segment (start 122.2715 70.6295) (end 122.584 70.942) (width 0.4064) (layer F.Cu) (net 7))
  (segment (start 120.794 70.6295) (end 122.2715 70.6295) (width 0.4064) (layer F.Cu) (net 7))
  (segment (start 113.7905 70.6295) (end 111.26 73.16) (width 0.4064) (layer F.Cu) (net 7))
  (segment (start 118.762 70.6295) (end 113.7905 70.6295) (width 0.4064) (layer F.Cu) (net 7))
  (segment (start 116.1285 63.6865) (end 114.275 65.54) (width 0.4064) (layer F.Cu) (net 8))
  (segment (start 116.77 63.6865) (end 116.1285 63.6865) (width 0.4064) (layer F.Cu) (net 8))
  (segment (start 118.802 63.6865) (end 116.77 63.6865) (width 0.4064) (layer F.Cu) (net 8))
  (segment (start 114.275 67.605) (end 108.72 73.16) (width 0.4064) (layer F.Cu) (net 8))
  (segment (start 114.275 65.54) (end 114.275 67.605) (width 0.4064) (layer F.Cu) (net 8))

  (zone (net 1) (net_name GND) (layer F.Cu) (tstamp 5FCE36BA) (hatch edge 0.508)
    (connect_pads (clearance 0.508))
    (min_thickness 0.254)
    (fill yes (arc_segments 16) (thermal_gap 0.508) (thermal_bridge_width 0.508))
    (polygon
      (pts
        (xy 101 56) (xy 101 75) (xy 126 75) (xy 126 56)
      )
    )
    (filled_polygon
      (pts
        (xy 102.639731 56.822412) (xy 102.444822 57.038645) (xy 102.295843 57.288748) (xy 102.198519 57.563109) (xy 102.319186 57.793)
        (xy 103.513 57.793) (xy 103.513 57.773) (xy 103.767 57.773) (xy 103.767 57.793) (xy 106.053 57.793)
        (xy 106.053 57.773) (xy 106.307 57.773) (xy 106.307 57.793) (xy 108.593 57.793) (xy 108.593 57.773)
        (xy 108.847 57.773) (xy 108.847 57.793) (xy 111.133 57.793) (xy 111.133 57.773) (xy 111.387 57.773)
        (xy 111.387 57.793) (xy 111.407 57.793) (xy 111.407 58.047) (xy 111.387 58.047) (xy 111.387 59.240155)
        (xy 111.61689 59.361476) (xy 111.764099 59.316825) (xy 112.02692 59.191641) (xy 112.260269 59.017588) (xy 112.455178 58.801355)
        (xy 112.524805 58.684466) (xy 112.646525 58.866632) (xy 112.853368 59.073475) (xy 113.096589 59.23599) (xy 113.366842 59.347932)
        (xy 113.65374 59.405) (xy 113.94626 59.405) (xy 114.233158 59.347932) (xy 114.503411 59.23599) (xy 114.746632 59.073475)
        (xy 114.953475 58.866632) (xy 115.07 58.69224) (xy 115.186525 58.866632) (xy 115.393368 59.073475) (xy 115.636589 59.23599)
        (xy 115.906842 59.347932) (xy 116.19374 59.405) (xy 116.48626 59.405) (xy 116.773158 59.347932) (xy 117.043411 59.23599)
        (xy 117.286632 59.073475) (xy 117.493475 58.866632) (xy 117.565927 58.7582) (xy 121.382313 58.7582) (xy 121.383885 58.760115)
        (xy 121.513725 58.866671) (xy 121.661858 58.94585) (xy 121.822592 58.994608) (xy 121.98975 59.011072) (xy 122.185931 59.011072)
        (xy 122.144815 59.044815) (xy 122.065463 59.141506) (xy 122.006498 59.25182) (xy 121.970188 59.371518) (xy 121.957928 59.496)
        (xy 121.957928 60.396) (xy 121.970188 60.520482) (xy 122.006498 60.64018) (xy 122.065463 60.750494) (xy 122.144815 60.847185)
        (xy 122.241506 60.926537) (xy 122.257607 60.935143) (xy 122.173 61.01975) (xy 122.173 61.819) (xy 122.193 61.819)
        (xy 122.193 62.073) (xy 122.173 62.073) (xy 122.173 62.093) (xy 121.919 62.093) (xy 121.919 62.073)
        (xy 121.16975 62.073) (xy 121.011 62.23175) (xy 121.007928 62.396) (xy 121.020188 62.520482) (xy 121.056498 62.64018)
        (xy 121.115463 62.750494) (xy 121.194815 62.847185) (xy 121.291506 62.926537) (xy 121.40182 62.985502) (xy 121.521518 63.021812)
        (xy 121.646 63.034072) (xy 121.76025 63.031) (xy 121.918998 62.872252) (xy 121.918998 62.992983) (xy 121.827815 63.067815)
        (xy 121.748463 63.164506) (xy 121.689498 63.27482) (xy 121.653188 63.394518) (xy 121.640928 63.519) (xy 121.644 63.70825)
        (xy 121.80275 63.867) (xy 122.5895 63.867) (xy 122.5895 63.847) (xy 122.8435 63.847) (xy 122.8435 63.867)
        (xy 122.8635 63.867) (xy 122.8635 64.121) (xy 122.8435 64.121) (xy 122.8435 64.141) (xy 122.5895 64.141)
        (xy 122.5895 64.121) (xy 121.80275 64.121) (xy 121.644 64.27975) (xy 121.640928 64.469) (xy 121.653188 64.593482)
        (xy 121.689498 64.71318) (xy 121.748463 64.823494) (xy 121.827815 64.920185) (xy 121.841895 64.93174) (xy 121.771329 65.017725)
        (xy 121.69215 65.165858) (xy 121.643392 65.326592) (xy 121.626928 65.49375) (xy 121.626928 66.00625) (xy 121.643392 66.173408)
        (xy 121.69215 66.334142) (xy 121.771329 66.482275) (xy 121.8643 66.595562) (xy 121.864301 67.714459) (xy 121.807815 67.760815)
        (xy 121.728463 67.857506) (xy 121.669498 67.96782) (xy 121.633188 68.087518) (xy 121.62193 68.20183) (xy 121.526275 68.123329)
        (xy 121.378142 68.04415) (xy 121.217408 67.995392) (xy 121.05025 67.978928) (xy 120.53775 67.978928) (xy 120.370592 67.995392)
        (xy 120.209858 68.04415) (xy 120.061725 68.123329) (xy 119.967429 68.200715) (xy 119.951458 68.170836) (xy 119.841792 68.037208)
        (xy 119.708164 67.927542) (xy 119.6402 67.891214) (xy 119.6402 66.105741) (xy 119.664115 66.086115) (xy 119.770671 65.956275)
        (xy 119.84985 65.808142) (xy 119.898608 65.647408) (xy 119.915072 65.48025) (xy 119.915072 65.04275) (xy 119.898608 64.875592)
        (xy 119.84985 64.714858) (xy 119.770671 64.566725) (xy 119.694574 64.474) (xy 119.770671 64.381275) (xy 119.84985 64.233142)
        (xy 119.898608 64.072408) (xy 119.915072 63.90525) (xy 119.915072 63.46775) (xy 119.898608 63.300592) (xy 119.84985 63.139858)
        (xy 119.770671 62.991725) (xy 119.664115 62.861885) (xy 119.534275 62.755329) (xy 119.386142 62.67615) (xy 119.225408 62.627392)
        (xy 119.05825 62.610928) (xy 118.54575 62.610928) (xy 118.378592 62.627392) (xy 118.217858 62.67615) (xy 118.069725 62.755329)
        (xy 117.956439 62.8483) (xy 117.615561 62.8483) (xy 117.502275 62.755329) (xy 117.354142 62.67615) (xy 117.193408 62.627392)
