(kicad_pcb (version 20171130) (host pcbnew "(5.0.0-3-g5ebb6b6)")

  (general
    (thickness 1.6)
    (drawings 21)
    (tracks 53)
    (zones 0)
    (modules 13)
    (nets 9)
  )

  (page A4)
  (layers
    (0 F.Cu signal)
    (31 B.Cu signal)
    (32 B.Adhes user)
    (33 F.Adhes user)
    (34 B.Paste user)
    (35 F.Paste user)
    (36 B.SilkS user)
    (37 F.SilkS user)
    (38 B.Mask user)
    (39 F.Mask user)
    (40 Dwgs.User user)
    (41 Cmts.User user)
    (42 Eco1.User user)
    (43 Eco2.User user)
    (44 Edge.Cuts user)
    (45 Margin user)
    (46 B.CrtYd user hide)
    (47 F.CrtYd user hide)
    (48 B.Fab user hide)
    (49 F.Fab user hide)
  )

  (setup
    (last_trace_width 0.4064)
    (user_trace_width 0.1524)
    (user_trace_width 0.254)
    (user_trace_width 0.4064)
    (user_trace_width 0.635)
    (trace_clearance 0.1524)
    (zone_clearance 0.508)
    (zone_45_only no)
    (trace_min 0.1524)
    (segment_width 0.15)
    (edge_width 0.15)
    (via_size 0.6858)
    (via_drill 0.3048)
    (via_min_size 0.6858)
    (via_min_drill 0.3048)
    (uvia_size 0.3048)
    (uvia_drill 0.1524)
    (uvias_allowed no)
    (uvia_min_size 0.2)
    (uvia_min_drill 0.1)
    (pcb_text_width 0.3)
    (pcb_text_size 1.5 1.5)
    (mod_edge_width 0.15)
    (mod_text_size 1 1)
    (mod_text_width 0.15)
    (pad_size 1.524 1.524)
    (pad_drill 0.762)
    (pad_to_mask_clearance 0.07)
    (solder_mask_min_width 0.07)
    (aux_axis_origin 0 0)
    (visible_elements FFFFFF7F)
    (pcbplotparams
      (layerselection 0x010fc_ffffffff)
      (usegerberextensions false)
      (usegerberattributes false)
      (usegerberadvancedattributes false)
      (creategerberjobfile false)
      (excludeedgelayer true)
      (linewidth 0.100000)
      (plotframeref false)
      (viasonmask false)
      (mode 1)
      (useauxorigin false)
      (hpglpennumber 1)
      (hpglpenspeed 20)
      (hpglpendiameter 15.000000)
      (psnegative false)
      (psa4output false)
      (plotreference true)
      (plotvalue true)
      (plotinvisibletext false)
      (padsonsilk false)
      (subtractmaskfromsilk false)
      (outputformat 1)
      (mirror false)
      (drillshape 1)
      (scaleselection 1)
      (outputdirectory ""))
  )

  (net 0 "")
  (net 1 GND)
  (net 2 "Net-(C1-Pad2)")
  (net 3 -12V)
  (net 4 VREF-10)
  (net 5 NOP)
  (net 6 +3V3)
  (net 7 OUT)
  (net 8 DI)

  (net_class Default "This is the default net class."
    (clearance 0.1524)
    (trace_width 0.1524)
    (via_dia 0.6858)
    (via_drill 0.3048)
    (uvia_dia 0.3048)
    (uvia_drill 0.1524)
    (diff_pair_gap 0.1524)
    (diff_pair_width 0.1524)
    (add_net +3V3)
    (add_net -12V)
    (add_net DI)
    (add_net GND)
    (add_net NOP)
    (add_net "Net-(C1-Pad2)")
    (add_net OUT)
    (add_net VREF-10)
  )

  (module Connector_PinHeader_2.54mm:PinHeader_1x06_P2.54mm_Vertical (layer B.Cu) (tedit 5FC942ED) (tstamp 5FCA2D88)
    (at 116.34 73.16 90)
    (descr "Through hole straight pin header, 1x06, 2.54mm pitch, single row")
    (tags "Through hole pin header THT 1x06 2.54mm single row")
    (path /5FC933AD)
    (fp_text reference J2 (at 0 2.33 90) (layer B.SilkS) hide
      (effects (font (size 1 1) (thickness 0.15)) (justify mirror))
    )
    (fp_text value OUT (at 0 -15.03 90) (layer B.Fab)
      (effects (font (size 1 1) (thickness 0.15)) (justify mirror))
    )
    (fp_line (start -0.635 1.27) (end 1.27 1.27) (layer B.Fab) (width 0.1))
    (fp_line (start 1.27 1.27) (end 1.27 -13.97) (layer B.Fab) (width 0.1))
    (fp_line (start 1.27 -13.97) (end -1.27 -13.97) (layer B.Fab) (width 0.1))
    (fp_line (start -1.27 -13.97) (end -1.27 0.635) (layer B.Fab) (width 0.1))
    (fp_line (start -1.27 0.635) (end -0.635 1.27) (layer B.Fab) (width 0.1))
    (fp_line (start -1.8 1.8) (end -1.8 -14.5) (layer B.CrtYd) (width 0.05))
    (fp_line (start -1.8 -14.5) (end 1.8 -14.5) (layer B.CrtYd) (width 0.05))
    (fp_line (start 1.8 -14.5) (end 1.8 1.8) (layer B.CrtYd) (width 0.05))
    (fp_line (start 1.8 1.8) (end -1.8 1.8) (layer B.CrtYd) (width 0.05))
    (fp_text user %R (at 0 -6.35) (layer B.Fab)
      (effects (font (size 1 1) (thickness 0.15)) (justify mirror))
    )
    (pad 1 thru_hole oval (at 0 0 90) (size 1.7 1.7) (drill 1) (layers *.Cu *.Mask)
      (net 1 GND))
    (pad 2 thru_hole oval (at 0 -2.54 90) (size 1.7 1.7) (drill 1) (layers *.Cu *.Mask)
      (net 1 GND))
    (pad 3 thru_hole oval (at 0 -5.08 90) (size 1.7 1.7) (drill 1) (layers *.Cu *.Mask)
      (net 7 OUT))
    (pad 4 thru_hole oval (at 0 -7.62 90) (size 1.7 1.7) (drill 1) (layers *.Cu *.Mask)
      (net 8 DI))
    (pad 5 thru_hole oval (at 0 -10.16 90) (size 1.7 1.7) (drill 1) (layers *.Cu *.Mask)
      (net 5 NOP))
    (pad 6 thru_hole oval (at 0 -12.7 90) (size 1.7 1.7) (drill 1) (layers *.Cu *.Mask)
      (net 1 GND))
    (model ${KISYS3DMOD}/Connector_PinHeader_2.54mm.3dshapes/PinHeader_1x06_P2.54mm_Vertical.wrl
      (at (xyz 0 0 0))
      (scale (xyz 1 1 1))
      (rotate (xyz 0 0 0))
    )
  )

  (module Connector_PinHeader_2.54mm:PinHeader_1x06_P2.54mm_Vertical (layer B.Cu) (tedit 5FC942C9) (tstamp 5FCA2C6E)
    (at 103.64 57.92 270)
    (descr "Through hole straight pin header, 1x06, 2.54mm pitch, single row")
    (tags "Through hole pin header THT 1x06 2.54mm single row")
    (path /5FCA991E)
    (fp_text reference J3 (at 0 2.33 270) (layer B.SilkS) hide
      (effects (font (size 1 1) (thickness 0.15)) (justify mirror))
    )
    (fp_text value POWER (at 0 -15.03 270) (layer B.Fab)
      (effects (font (size 1 1) (thickness 0.15)) (justify mirror))
    )
    (fp_text user %R (at 0 -6.35 180) (layer B.Fab)
      (effects (font (size 1 1) (thickness 0.15)) (justify mirror))
    )
    (fp_line (start 1.8 1.8) (end -1.8 1.8) (layer B.CrtYd) (width 0.05))
    (fp_line (start 1.8 -14.5) (end 1.8 1.8) (layer B.CrtYd) (width 0.05))
    (fp_line (start -1.8 -14.5) (end 1.8 -14.5) (layer B.CrtYd) (width 0.05))
    (fp_line (start -1.8 1.8) (end -1.8 -14.5) (layer B.CrtYd) (width 0.05))
    (fp_line (start -1.27 0.635) (end -0.635 1.27) (layer B.Fab) (width 0.1))
    (fp_line (start -1.27 -13.97) (end -1.27 0.635) (layer B.Fab) (width 0.1))
    (fp_line (start 1.27 -13.97) (end -1.27 -13.97) (layer B.Fab) (width 0.1))
    (fp_line (start 1.27 1.27) (end 1.27 -13.97) (layer B.Fab) (width 0.1))
    (fp_line (start -0.635 1.27) (end 1.27 1.27) (layer B.Fab) (width 0.1))
    (pad 6 thru_hole oval (at 0 -12.7 270) (size 1.7 1.7) (drill 1) (layers *.Cu *.Mask)
      (net 3 -12V))
    (pad 5 thru_hole oval (at 0 -10.16 270) (size 1.7 1.7) (drill 1) (layers *.Cu *.Mask)
      (net 6 +3V3))
    (pad 4 thru_hole oval (at 0 -7.62 270) (size 1.7 1.7) (drill 1) (layers *.Cu *.Mask)
      (net 1 GND))
    (pad 3 thru_hole oval (at 0 -5.08 270) (size 1.7 1.7) (drill 1) (layers *.Cu *.Mask)
      (net 1 GND))
    (pad 2 thru_hole oval (at 0 -2.54 270) (size 1.7 1.7) (drill 1) (layers *.Cu *.Mask)
      (net 1 GND))
    (pad 1 thru_hole oval (at 0 0 270) (size 1.7 1.7) (drill 1) (layers *.Cu *.Mask)
      (net 1 GND))
    (model ${KISYS3DMOD}/Connector_PinHeader_2.54mm.3dshapes/PinHeader_1x06_P2.54mm_Vertical.wrl
      (at (xyz 0 0 0))
      (scale (xyz 1 1 1))
      (rotate (xyz 0 0 0))
    )
  )

  (module Capacitor_SMD:C_0603_1608Metric (layer F.Cu) (tedit 5B301BBE) (tstamp 5FCB0D8A)
    (at 118.762 69.842 90)
    (descr "Capacitor SMD 0603 (1608 Metric), square (rectangular) end terminal, IPC_7351 nominal, (Body size source: http://www.tortai-tech.com/upload/download/2011102023233369053.pdf), generated with kicad-footprint-generator")
    (tags capacitor)
    (path /5FC94BD6)
    (attr smd)
    (fp_text reference C1 (at 2.232 -0.162 180) (layer F.SilkS)
      (effects (font (size 1 1) (thickness 0.15)))
    )
    (fp_text value 1n (at 0 1.43 90) (layer F.Fab)
      (effects (font (size 1 1) (thickness 0.15)))
    )
    (fp_line (start -0.8 0.4) (end -0.8 -0.4) (layer F.Fab) (width 0.1))
    (fp_line (start -0.8 -0.4) (end 0.8 -0.4) (layer F.Fab) (width 0.1))
    (fp_line (start 0.8 -0.4) (end 0.8 0.4) (layer F.Fab) (width 0.1))
    (fp_line (start 0.8 0.4) (end -0.8 0.4) (layer F.Fab) (width 0.1))
    (fp_line (start -0.162779 -0.51) (end 0.162779 -0.51) (layer F.SilkS) (width 0.12))
    (fp_line (start -0.162779 0.51) (end 0.162779 0.51) (layer F.SilkS) (width 0.12))
    (fp_line (start -1.48 0.73) (end -1.48 -0.73) (layer F.CrtYd) (width 0.05))
    (fp_line (start -1.48 -0.73) (end 1.48 -0.73) (layer F.CrtYd) (width 0.05))
    (fp_line (start 1.48 -0.73) (end 1.48 0.73) (layer F.CrtYd) (width 0.05))
    (fp_line (start 1.48 0.73) (end -1.48 0.73) (layer F.CrtYd) (width 0.05))
    (fp_text user %R (at 0 0 90) (layer F.Fab)
      (effects (font (size 0.4 0.4) (thickness 0.06)))
    )
    (pad 1 smd roundrect (at -0.7875 0 90) (size 0.875 0.95) (layers F.Cu F.Paste F.Mask) (roundrect_rratio 0.25)
      (net 7 OUT))
    (pad 2 smd roundrect (at 0.7875 0 90) (size 0.875 0.95) (layers F.Cu F.Paste F.Mask) (roundrect_rratio 0.25)
      (net 2 "Net-(C1-Pad2)"))
    (model ${KISYS3DMOD}/Capacitor_SMD.3dshapes/C_0603_1608Metric.wrl
      (at (xyz 0 0 0))
      (scale (xyz 1 1 1))
      (rotate (xyz 0 0 0))
    )
  )

  (module Connector_Thonk:ThonkiconnJack (layer F.Cu) (tedit 5FC94102) (tstamp 5FCA18D8)
    (at 109.355 65.54 270)
    (path /5FC82E98)
    (fp_text reference J1 (at 0 -7.5 270) (layer F.SilkS) hide
      (effects (font (size 1 1) (thickness 0.15)))
    )
    (fp_text value IN (at 0 9.3 270) (layer F.Fab)
      (effects (font (size 1 1) (thickness 0.15)))
    )
    (fp_circle (center 0 0) (end 2.2 0) (layer F.SilkS) (width 0.15))
    (fp_line (start -4.5 4.5) (end 4.5 4.5) (layer F.SilkS) (width 0.15))
    (fp_line (start 4.5 -6) (end 4.5 4.5) (layer F.SilkS) (width 0.15))
    (fp_line (start -4.5 -6) (end -4.5 4.5) (layer F.SilkS) (width 0.15))
    (fp_line (start -4.5 -6) (end 4.5 -6) (layer F.SilkS) (width 0.15))
    (fp_circle (center 0 0) (end 1.8 0) (layer F.SilkS) (width 0.15))
    (pad S thru_hole oval (at 0 6.48 270) (size 2.3 1.6) (drill oval 1.3 0.6) (layers *.Cu *.Mask)
      (net 1 GND))
    (pad TN thru_hole oval (at 0 3.38 270) (size 2.5 1.6) (drill oval 1.5 0.6) (layers *.Cu *.Mask)
      (net 5 NOP))
    (pad T thru_hole oval (at 0 -4.92 270) (size 2.5 1.5) (drill oval 1.5 0.5) (layers *.Cu *.Mask)
      (net 8 DI))
    (pad "" np_thru_hole circle (at 0 0 270) (size 3 3) (drill 3) (layers *.Cu *.Mask))
  )

  (module Resistor_SMD:R_0603_1608Metric (layer F.Cu) (tedit 5B301BBD) (tstamp 5FCA24C7)
    (at 118.802 64.474 90)
    (descr "Resistor SMD 0603 (1608 Metric), square (rectangular) end terminal, IPC_7351 nominal, (Body size source: http://www.tortai-tech.com/upload/download/2011102023233369053.pdf), generated with kicad-footprint-generator")
    (tags resistor)
    (path /5FC92D66)
    (attr smd)
    (fp_text reference R1 (at 2.434 0.078 180) (layer F.SilkS)
      (effects (font (size 1 1) (thickness 0.15)))
    )
    (fp_text value 100k (at 0 1.43 90) (layer F.Fab)
      (effects (font (size 1 1) (thickness 0.15)))
    )
    (fp_line (start -0.8 0.4) (end -0.8 -0.4) (layer F.Fab) (width 0.1))
    (fp_line (start -0.8 -0.4) (end 0.8 -0.4) (layer F.Fab) (width 0.1))
    (fp_line (start 0.8 -0.4) (end 0.8 0.4) (layer F.Fab) (width 0.1))
    (fp_line (start 0.8 0.4) (end -0.8 0.4) (layer F.Fab) (width 0.1))
    (fp_line (start -0.162779 -0.51) (end 0.162779 -0.51) (layer F.SilkS) (width 0.12))
    (fp_line (start -0.162779 0.51) (end 0.162779 0.51) (layer F.SilkS) (width 0.12))
    (fp_line (start -1.48 0.73) (end -1.48 -0.73) (layer F.CrtYd) (width 0.05))
    (fp_line (start -1.48 -0.73) (end 1.48 -0.73) (layer F.CrtYd) (width 0.05))
    (fp_line (start 1.48 -0.73) (end 1.48 0.73) (layer F.CrtYd) (width 0.05))
    (fp_line (start 1.48 0.73) (end -1.48 0.73) (layer F.CrtYd) (width 0.05))
    (fp_text user %R (at 0 0 90) (layer F.Fab)
      (effects (font (size 0.4 0.4) (thickness 0.06)))
    )
    (pad 1 smd roundrect (at -0.7875 0 90) (size 0.875 0.95) (layers F.Cu F.Paste F.Mask) (roundrect_rratio 0.25)
      (net 2 "Net-(C1-Pad2)"))
    (pad 2 smd roundrect (at 0.7875 0 90) (size 0.875 0.95) (layers F.Cu F.Paste F.Mask) (roundrect_rratio 0.25)
      (net 8 DI))
    (model ${KISYS3DMOD}/Resistor_SMD.3dshapes/R_0603_1608Metric.wrl
      (at (xyz 0 0 0))
      (scale (xyz 1 1 1))
      (rotate (xyz 0 0 0))
    )
  )

  (module Resistor_SMD:R_0603_1608Metric (layer F.Cu) (tedit 5B301BBD) (tstamp 5FCB06A8)
    (at 123.49 65.75)
    (descr "Resistor SMD 0603 (1608 Metric), square (rectangular) end terminal, IPC_7351 nominal, (Body size source: http://www.tortai-tech.com/upload/download/2011102023233369053.pdf), generated with kicad-footprint-generator")
    (tags resistor)
    (path /5FCABCF0)
    (attr smd)
    (fp_text reference R2 (at -2.624 0.074) (layer F.SilkS)
      (effects (font (size 1 1) (thickness 0.15)))
    )
    (fp_text value 120k (at 0 1.43) (layer F.Fab)
      (effects (font (size 1 1) (thickness 0.15)))
    )
    (fp_text user %R (at 0 0) (layer F.Fab)
      (effects (font (size 0.4 0.4) (thickness 0.06)))
    )
    (fp_line (start 1.48 0.73) (end -1.48 0.73) (layer F.CrtYd) (width 0.05))
    (fp_line (start 1.48 -0.73) (end 1.48 0.73) (layer F.CrtYd) (width 0.05))
    (fp_line (start -1.48 -0.73) (end 1.48 -0.73) (layer F.CrtYd) (width 0.05))
    (fp_line (start -1.48 0.73) (end -1.48 -0.73) (layer F.CrtYd) (width 0.05))
    (fp_line (start -0.162779 0.51) (end 0.162779 0.51) (layer F.SilkS) (width 0.12))
    (fp_line (start -0.162779 -0.51) (end 0.162779 -0.51) (layer F.SilkS) (width 0.12))
    (fp_line (start 0.8 0.4) (end -0.8 0.4) (layer F.Fab) (width 0.1))
    (fp_line (start 0.8 -0.4) (end 0.8 0.4) (layer F.Fab) (width 0.1))
    (fp_line (start -0.8 -0.4) (end 0.8 -0.4) (layer F.Fab) (width 0.1))
    (fp_line (start -0.8 0.4) (end -0.8 -0.4) (layer F.Fab) (width 0.1))
    (pad 2 smd roundrect (at 0.7875 0) (size 0.875 0.95) (layers F.Cu F.Paste F.Mask) (roundrect_rratio 0.25)
      (net 4 VREF-10))
    (pad 1 smd roundrect (at -0.7875 0) (size 0.875 0.95) (layers F.Cu F.Paste F.Mask) (roundrect_rratio 0.25)
      (net 2 "Net-(C1-Pad2)"))
    (model ${KISYS3DMOD}/Resistor_SMD.3dshapes/R_0603_1608Metric.wrl
      (at (xyz 0 0 0))
      (scale (xyz 1 1 1))
      (rotate (xyz 0 0 0))
    )
  )

  (module Resistor_SMD:R_0603_1608Metric (layer F.Cu) (tedit 5B301BBD) (tstamp 5FCB0DBA)
    (at 120.794 69.842 90)
    (descr "Resistor SMD 0603 (1608 Metric), square (rectangular) end terminal, IPC_7351 nominal, (Body size source: http://www.tortai-tech.com/upload/download/2011102023233369053.pdf), generated with kicad-footprint-generator")
    (tags resistor)
    (path /5FCA6E46)
    (attr smd)
    (fp_text reference R3 (at 2.232 -0.144 180) (layer F.SilkS)
      (effects (font (size 1 1) (thickness 0.15)))
    )
    (fp_text value 20k (at 0 1.43 90) (layer F.Fab)
      (effects (font (size 1 1) (thickness 0.15)))
    )
    (fp_line (start -0.8 0.4) (end -0.8 -0.4) (layer F.Fab) (width 0.1))
    (fp_line (start -0.8 -0.4) (end 0.8 -0.4) (layer F.Fab) (width 0.1))
    (fp_line (start 0.8 -0.4) (end 0.8 0.4) (layer F.Fab) (width 0.1))
    (fp_line (start 0.8 0.4) (end -0.8 0.4) (layer F.Fab) (width 0.1))
    (fp_line (start -0.162779 -0.51) (end 0.162779 -0.51) (layer F.SilkS) (width 0.12))
    (fp_line (start -0.162779 0.51) (end 0.162779 0.51) (layer F.SilkS) (width 0.12))
    (fp_line (start -1.48 0.73) (end -1.48 -0.73) (layer F.CrtYd) (width 0.05))
    (fp_line (start -1.48 -0.73) (end 1.48 -0.73) (layer F.CrtYd) (width 0.05))
    (fp_line (start 1.48 -0.73) (end 1.48 0.73) (layer F.CrtYd) (width 0.05))
    (fp_line (start 1.48 0.73) (end -1.48 0.73) (layer F.CrtYd) (width 0.05))
    (fp_text user %R (at 0 0 90) (layer F.Fab)
      (effects (font (size 0.4 0.4) (thickness 0.06)))
    )
    (pad 1 smd roundrect (at -0.7875 0 90) (size 0.875 0.95) (layers F.Cu F.Paste F.Mask) (roundrect_rratio 0.25)
      (net 7 OUT))
    (pad 2 smd roundrect (at 0.7875 0 90) (size 0.875 0.95) (layers F.Cu F.Paste F.Mask) (roundrect_rratio 0.25)
      (net 2 "Net-(C1-Pad2)"))
    (model ${KISYS3DMOD}/Resistor_SMD.3dshapes/R_0603_1608Metric.wrl
      (at (xyz 0 0 0))
      (scale (xyz 1 1 1))
      (rotate (xyz 0 0 0))
    )
  )

  (module Resistor_SMD:R_0603_1608Metric (layer F.Cu) (tedit 5B301BBD) (tstamp 5FCA263B)
    (at 122.996 57.898 180)
    (descr "Resistor SMD 0603 (1608 Metric), square (rectangular) end terminal, IPC_7351 nominal, (Body size source: http://www.tortai-tech.com/upload/download/2011102023233369053.pdf), generated with kicad-footprint-generator")
    (tags resistor)
    (path /5FCAD1D2)
    (attr smd)
    (fp_text reference R4 (at 2.666 -0.112 180) (layer F.SilkS)
      (effects (font (size 1 1) (thickness 0.15)))
    )
    (fp_text value 4.99k (at 0 1.43 180) (layer F.Fab)
      (effects (font (size 1 1) (thickness 0.15)))
    )
    (fp_text user %R (at 0 0 180) (layer F.Fab)
      (effects (font (size 0.4 0.4) (thickness 0.06)))
    )
    (fp_line (start 1.48 0.73) (end -1.48 0.73) (layer F.CrtYd) (width 0.05))
    (fp_line (start 1.48 -0.73) (end 1.48 0.73) (layer F.CrtYd) (width 0.05))
    (fp_line (start -1.48 -0.73) (end 1.48 -0.73) (layer F.CrtYd) (width 0.05))
    (fp_line (start -1.48 0.73) (end -1.48 -0.73) (layer F.CrtYd) (width 0.05))
    (fp_line (start -0.162779 0.51) (end 0.162779 0.51) (layer F.SilkS) (width 0.12))
    (fp_line (start -0.162779 -0.51) (end 0.162779 -0.51) (layer F.SilkS) (width 0.12))
    (fp_line (start 0.8 0.4) (end -0.8 0.4) (layer F.Fab) (width 0.1))
    (fp_line (start 0.8 -0.4) (end 0.8 0.4) (layer F.Fab) (width 0.1))
    (fp_line (start -0.8 -0.4) (end 0.8 -0.4) (layer F.Fab) (width 0.1))
    (fp_line (start -0.8 0.4) (end -0.8 -0.4) (layer F.Fab) (width 0.1))
    (pad 2 smd roundrect (at 0.7875 0 180) (size 0.875 0.95) (layers F.Cu F.Paste F.Mask) (roundrect_rratio 0.25)
      (net 3 -12V))
    (pad 1 smd roundrect (at -0.7875 0 180) (size 0.875 0.95) (layers F.Cu F.Paste F.Mask) (roundrect_rratio 0.25)
      (net 4 VREF-10))
    (model ${KISYS3DMOD}/Resistor_SMD.3dshapes/R_0603_1608Metric.wrl
      (at (xyz 0 0 0))
      (scale (xyz 1 1 1))
      (rotate (xyz 0 0 0))
    )
  )

  (module Resistor_SMD:R_0603_1608Metric (layer F.Cu) (tedit 5B301BBD) (tstamp 5FCB054F)
    (at 116.77 64.474 270)
    (descr "Resistor SMD 0603 (1608 Metric), square (rectangular) end terminal, IPC_7351 nominal, (Body size source: http://www.tortai-tech.com/upload/download/2011102023233369053.pdf), generated with kicad-footprint-generator")
    (tags resistor)
    (path /5FCAD855)
    (attr smd)
    (fp_text reference D1 (at -2.404 0.02) (layer F.SilkS)
      (effects (font (size 1 1) (thickness 0.15)))
    )
    (fp_text value D_TVS (at 0 1.43 270) (layer F.Fab)
      (effects (font (size 1 1) (thickness 0.15)))
    )
    (fp_line (start -0.8 0.4) (end -0.8 -0.4) (layer F.Fab) (width 0.1))
    (fp_line (start -0.8 -0.4) (end 0.8 -0.4) (layer F.Fab) (width 0.1))
    (fp_line (start 0.8 -0.4) (end 0.8 0.4) (layer F.Fab) (width 0.1))
    (fp_line (start 0.8 0.4) (end -0.8 0.4) (layer F.Fab) (width 0.1))
    (fp_line (start -0.162779 -0.51) (end 0.162779 -0.51) (layer F.SilkS) (width 0.12))
    (fp_line (start -0.162779 0.51) (end 0.162779 0.51) (layer F.SilkS) (width 0.12))
    (fp_line (start -1.48 0.73) (end -1.48 -0.73) (layer F.CrtYd) (width 0.05))
    (fp_line (start -1.48 -0.73) (end 1.48 -0.73) (layer F.CrtYd) (width 0.05))
    (fp_line (start 1.48 -0.73) (end 1.48 0.73) (layer F.CrtYd) (width 0.05))
    (fp_line (start 1.48 0.73) (end -1.48 0.73) (layer F.CrtYd) (width 0.05))
    (fp_text user %R (at 0 0 270) (layer F.Fab)
      (effects (font (size 0.4 0.4) (thickness 0.06)))
    )
    (pad 1 smd roundrect (at -0.7875 0 270) (size 0.875 0.95) (layers F.Cu F.Paste F.Mask) (roundrect_rratio 0.25)
      (net 8 DI))
    (pad 2 smd roundrect (at 0.7875 0 270) (size 0.875 0.95) (layers F.Cu F.Paste F.Mask) (roundrect_rratio 0.25)
      (net 1 GND))
    (model ${KISYS3DMOD}/Resistor_SMD.3dshapes/R_0603_1608Metric.wrl
      (at (xyz 0 0 0))
      (scale (xyz 1 1 1))
      (rotate (xyz 0 0 0))
    )
  )

  (module Package_TO_SOT_SMD:SOT-23 (layer F.Cu) (tedit 5A02FF57) (tstamp 5FCB0564)
    (at 122.996 60.946 90)
    (descr "SOT-23, Standard")
    (tags SOT-23)
    (path /5FCAD41B)
    (attr smd)
    (fp_text reference D2 (at 1.016 -3.048 180) (layer F.SilkS)
      (effects (font (size 1 1) (thickness 0.15)))
    )
    (fp_text value LM4040DBZ-10 (at 0 2.5 90) (layer F.Fab)
      (effects (font (size 1 1) (thickness 0.15)))
    )
    (fp_text user %R (at 0 0 180) (layer F.Fab)
      (effects (font (size 0.5 0.5) (thickness 0.075)))
    )
    (fp_line (start -0.7 -0.95) (end -0.7 1.5) (layer F.Fab) (width 0.1))
    (fp_line (start -0.15 -1.52) (end 0.7 -1.52) (layer F.Fab) (width 0.1))
    (fp_line (start -0.7 -0.95) (end -0.15 -1.52) (layer F.Fab) (width 0.1))
    (fp_line (start 0.7 -1.52) (end 0.7 1.52) (layer F.Fab) (width 0.1))
    (fp_line (start -0.7 1.52) (end 0.7 1.52) (layer F.Fab) (width 0.1))
    (fp_line (start 0.76 1.58) (end 0.76 0.65) (layer F.SilkS) (width 0.12))
    (fp_line (start 0.76 -1.58) (end 0.76 -0.65) (layer F.SilkS) (width 0.12))
    (fp_line (start -1.7 -1.75) (end 1.7 -1.75) (layer F.CrtYd) (width 0.05))
    (fp_line (start 1.7 -1.75) (end 1.7 1.75) (layer F.CrtYd) (width 0.05))
    (fp_line (start 1.7 1.75) (end -1.7 1.75) (layer F.CrtYd) (width 0.05))
    (fp_line (start -1.7 1.75) (end -1.7 -1.75) (layer F.CrtYd) (width 0.05))
    (fp_line (start 0.76 -1.58) (end -1.4 -1.58) (layer F.SilkS) (width 0.12))
    (fp_line (start 0.76 1.58) (end -0.7 1.58) (layer F.SilkS) (width 0.12))
    (pad 1 smd rect (at -1 -0.95 90) (size 0.9 0.8) (layers F.Cu F.Paste F.Mask)
      (net 1 GND))
    (pad 2 smd rect (at -1 0.95 90) (size 0.9 0.8) (layers F.Cu F.Paste F.Mask)
      (net 4 VREF-10))
    (pad 3 smd rect (at 1 0 90) (size 0.9 0.8) (layers F.Cu F.Paste F.Mask))
    (model ${KISYS3DMOD}/Package_TO_SOT_SMD.3dshapes/SOT-23.wrl
      (at (xyz 0 0 0))
      (scale (xyz 1 1 1))
      (rotate (xyz 0 0 0))
    )
  )

  (module Package_TO_SOT_SMD:SOT-23-5 (layer F.Cu) (tedit 5A02FF57) (tstamp 5FCB0D52)
    (at 123.534 69.842 270)
    (descr "5-pin SOT23 package")
    (tags SOT-23-5)
    (path /5FCAD503)
    (attr smd)
    (fp_text reference U1 (at 2.328 2.394) (layer F.SilkS)
      (effects (font (size 1 1) (thickness 0.15)))
    )
    (fp_text value MCP6001U (at 0 2.9 270) (layer F.Fab)
      (effects (font (size 1 1) (thickness 0.15)))
    )
    (fp_text user %R (at 0 0) (layer F.Fab)
      (effects (font (size 0.5 0.5) (thickness 0.075)))
    )
    (fp_line (start -0.9 1.61) (end 0.9 1.61) (layer F.SilkS) (width 0.12))
    (fp_line (start 0.9 -1.61) (end -1.55 -1.61) (layer F.SilkS) (width 0.12))
    (fp_line (start -1.9 -1.8) (end 1.9 -1.8) (layer F.CrtYd) (width 0.05))
    (fp_line (start 1.9 -1.8) (end 1.9 1.8) (layer F.CrtYd) (width 0.05))
    (fp_line (start 1.9 1.8) (end -1.9 1.8) (layer F.CrtYd) (width 0.05))
    (fp_line (start -1.9 1.8) (end -1.9 -1.8) (layer F.CrtYd) (width 0.05))
    (fp_line (start -0.9 -0.9) (end -0.25 -1.55) (layer F.Fab) (width 0.1))
    (fp_line (start 0.9 -1.55) (end -0.25 -1.55) (layer F.Fab) (width 0.1))
    (fp_line (start -0.9 -0.9) (end -0.9 1.55) (layer F.Fab) (width 0.1))
    (fp_line (start 0.9 1.55) (end -0.9 1.55) (layer F.Fab) (width 0.1))
    (fp_line (start 0.9 -1.55) (end 0.9 1.55) (layer F.Fab) (width 0.1))
    (pad 1 smd rect (at -1.1 -0.95 270) (size 1.06 0.65) (layers F.Cu F.Paste F.Mask)
      (net 1 GND))
    (pad 2 smd rect (at -1.1 0 270) (size 1.06 0.65) (layers F.Cu F.Paste F.Mask)
      (net 1 GND))
    (pad 3 smd rect (at -1.1 0.95 270) (size 1.06 0.65) (layers F.Cu F.Paste F.Mask)
      (net 2 "Net-(C1-Pad2)"))
    (pad 4 smd rect (at 1.1 0.95 270) (size 1.06 0.65) (layers F.Cu F.Paste F.Mask)
      (net 7 OUT))
    (pad 5 smd rect (at 1.1 -0.95 270) (size 1.06 0.65) (layers F.Cu F.Paste F.Mask)
      (net 6 +3V3))
    (model ${KISYS3DMOD}/Package_TO_SOT_SMD.3dshapes/SOT-23-5.wrl
      (at (xyz 0 0 0))
      (scale (xyz 1 1 1))
      (rotate (xyz 0 0 0))
    )
  )

  (module Capacitor_SMD:C_0603_1608Metric (layer F.Cu) (tedit 5B301BBE) (tstamp 5FCB1DE6)
    (at 123.504 63.994)
    (descr "Capacitor SMD 0603 (1608 Metric), square (rectangular) end terminal, IPC_7351 nominal, (Body size source: http://www.tortai-tech.com/upload/download/2011102023233369053.pdf), generated with kicad-footprint-generator")
    (tags capacitor)
    (path /5FCAD62F)
    (attr smd)
    (fp_text reference C2 (at -2.624 -0.014) (layer F.SilkS)
      (effects (font (size 1 1) (thickness 0.15)))
    )
    (fp_text value 1u (at 0 1.43) (layer F.Fab)
      (effects (font (size 1 1) (thickness 0.15)))
    )
    (fp_line (start -0.8 0.4) (end -0.8 -0.4) (layer F.Fab) (width 0.1))
    (fp_line (start -0.8 -0.4) (end 0.8 -0.4) (layer F.Fab) (width 0.1))
    (fp_line (start 0.8 -0.4) (end 0.8 0.4) (layer F.Fab) (width 0.1))
    (fp_line (start 0.8 0.4) (end -0.8 0.4) (layer F.Fab) (width 0.1))
    (fp_line (start -0.162779 -0.51) (end 0.162779 -0.51) (layer F.SilkS) (width 0.12))
    (fp_line (start -0.162779 0.51) (end 0.162779 0.51) (layer F.SilkS) (width 0.12))
    (fp_line (start -1.48 0.73) (end -1.48 -0.73) (layer F.CrtYd) (width 0.05))
    (fp_line (start -1.48 -0.73) (end 1.48 -0.73) (layer F.CrtYd) (width 0.05))
    (fp_line (start 1.48 -0.73) (end 1.48 0.73) (layer F.CrtYd) (width 0.05))
    (fp_line (start 1.48 0.73) (end -1.48 0.73) (layer F.CrtYd) (width 0.05))
    (fp_text user %R (at 0 0) (layer F.Fab)
      (effects (font (size 0.4 0.4) (thickness 0.06)))
    )
    (pad 1 smd roundrect (at -0.7875 0) (size 0.875 0.95) (layers F.Cu F.Paste F.Mask) (roundrect_rratio 0.25)
      (net 1 GND))
    (pad 2 smd roundrect (at 0.7875 0) (size 0.875 0.95) (layers F.Cu F.Paste F.Mask) (roundrect_rratio 0.25)
      (net 4 VREF-10))
    (model ${KISYS3DMOD}/Capacitor_SMD.3dshapes/C_0603_1608Metric.wrl
      (at (xyz 0 0 0))
      (scale (xyz 1 1 1))
      (rotate (xyz 0 0 0))
    )
  )

  (module Capacitor_SMD:C_0603_1608Metric (layer F.Cu) (tedit 5B301BBE) (tstamp 5FCE3469)
    (at 123.72 73.025)
    (descr "Capacitor SMD 0603 (1608 Metric), square (rectangular) end terminal, IPC_7351 nominal, (Body size source: http://www.tortai-tech.com/upload/download/2011102023233369053.pdf), generated with kicad-footprint-generator")
    (tags capacitor)
    (path /5FCE3B02)
    (attr smd)
    (fp_text reference C3 (at -2.562 0.635) (layer F.SilkS)
      (effects (font (size 1 1) (thickness 0.15)))
    )
    (fp_text value 100n (at 0 1.43) (layer F.Fab)
      (effects (font (size 1 1) (thickness 0.15)))
    )
    (fp_line (start -0.8 0.4) (end -0.8 -0.4) (layer F.Fab) (width 0.1))
    (fp_line (start -0.8 -0.4) (end 0.8 -0.4) (layer F.Fab) (width 0.1))
    (fp_line (start 0.8 -0.4) (end 0.8 0.4) (layer F.Fab) (width 0.1))
    (fp_line (start 0.8 0.4) (end -0.8 0.4) (layer F.Fab) (width 0.1))
    (fp_line (start -0.162779 -0.51) (end 0.162779 -0.51) (layer F.SilkS) (width 0.12))
    (fp_line (start -0.162779 0.51) (end 0.162779 0.51) (layer F.SilkS) (width 0.12))
    (fp_line (start -1.48 0.73) (end -1.48 -0.73) (layer F.CrtYd) (width 0.05))
    (fp_line (start -1.48 -0.73) (end 1.48 -0.73) (layer F.CrtYd) (width 0.05))
    (fp_line (start 1.48 -0.73) (end 1.48 0.73) (layer F.CrtYd) (width 0.05))
    (fp_line (start 1.48 0.73) (end -1.48 0.73) (layer F.CrtYd) (width 0.05))
    (fp_text user %R (at 0 0) (layer F.Fab)
      (effects (font (size 0.4 0.4) (thickness 0.06)))
    )
    (pad 1 smd roundrect (at -0.7875 0) (size 0.875 0.95) (layers F.Cu F.Paste F.Mask) (roundrect_rratio 0.25)
      (net 1 GND))
    (pad 2 smd roundrect (at 0.7875 0) (size 0.875 0.95) (layers F.Cu F.Paste F.Mask) (roundrect_rratio 0.25)
      (net 6 +3V3))
    (model ${KISYS3DMOD}/Capacitor_SMD.3dshapes/C_0603_1608Metric.wrl
      (at (xyz 0 0 0))
      (scale (xyz 1 1 1))
      (rotate (xyz 0 0 0))
    )
  )

  (gr_line (start 117.221 71.247) (end 116.459 71.247) (layer F.SilkS) (width 0.15))
  (gr_line (start 117.221 71.247) (end 117.221 71.755) (layer F.SilkS) (width 0.15))
  (gr_line (start 112.903 71.247) (end 112.903 71.755) (layer F.SilkS) (width 0.15))
  (gr_line (start 113.665 71.247) (end 112.903 71.247) (layer F.SilkS) (width 0.15))
  (gr_text GND (at 103.64 71.255) (layer F.SilkS) (tstamp 5FF43B2C)
    (effects (font (size 1 0.8) (thickness 0.15)))
  )
  (gr_text NOP (at 106.18 71.255) (layer F.SilkS) (tstamp 5FF43B27)
    (effects (font (size 1 0.8) (thickness 0.15)))
  )
  (gr_text DI (at 108.72 71.255) (layer F.SilkS) (tstamp 5FF43B0F)
    (effects (font (size 1 0.8) (thickness 0.15)))
  )
  (gr_text OUT (at 111.26 71.255) (layer F.SilkS) (tstamp 5FCB0C91)
    (effects (font (size 1 0.8) (thickness 0.15)))
  )
  (gr_text -12V (at 116.85 59.82) (layer F.SilkS) (tstamp 5FCE3D40)
    (effects (font (size 1 0.8) (thickness 0.15)))
  )
  (gr_text "CV\nIN" (at 103 69) (layer F.SilkS) (tstamp 5FC9695F)
    (effects (font (size 1 0.8) (thickness 0.15)))
  )
  (gr_line (start 101 56) (end 101 75) (layer Edge.Cuts) (width 0.15))
  (gr_line (start 126 56) (end 101 56) (layer Edge.Cuts) (width 0.15))
  (gr_line (start 126 75) (end 126 56) (layer Edge.Cuts) (width 0.15))
  (gr_line (start 101 75) (end 126 75) (layer Edge.Cuts) (width 0.15))
  (gr_text GND (at 115.07 71.255) (layer F.SilkS) (tstamp 5FCA3192)
    (effects (font (size 1 0.8) (thickness 0.15)))
  )
  (gr_line (start 111.895 59.825) (end 111.895 59.19) (layer F.SilkS) (width 0.2))
  (gr_line (start 109.355 59.825) (end 111.895 59.825) (layer F.SilkS) (width 0.2))
  (gr_line (start 103.005 59.825) (end 105.545 59.825) (layer F.SilkS) (width 0.2))
  (gr_line (start 103.005 59.19) (end 103.005 59.825) (layer F.SilkS) (width 0.2))
  (gr_text GND (at 107.45 59.825) (layer F.SilkS) (tstamp 5FCA316C)
    (effects (font (size 1 1) (thickness 0.15)))
  )
  (gr_text 3V3A (at 113.7 59.82) (layer F.SilkS)
    (effects (font (size 1 0.8) (thickness 0.15)))
  )

  (via (at 120.92 62.85) (size 0.6858) (drill 0.3048) (layers F.Cu B.Cu) (net 1))
  (via (at 120.65 61.78) (size 0.6858) (drill 0.3048) (layers F.Cu B.Cu) (net 1))
  (via (at 124.52 67.45) (size 0.6858) (drill 0.3048) (layers F.Cu B.Cu) (net 1))
  (via (at 123.58 67.51) (size 0.6858) (drill 0.3048) (layers F.Cu B.Cu) (net 1))
  (segment (start 123.534 68.742) (end 124.484 68.742) (width 0.635) (layer F.Cu) (net 1))
  (segment (start 124.484 67.486) (end 124.52 67.45) (width 0.635) (layer F.Cu) (net 1))
  (segment (start 124.484 68.742) (end 124.484 67.486) (width 0.635) (layer F.Cu) (net 1))
  (segment (start 123.534 67.556) (end 123.58 67.51) (width 0.635) (layer F.Cu) (net 1))
  (segment (start 123.534 68.742) (end 123.534 67.556) (width 0.635) (layer F.Cu) (net 1))
  (via (at 121.42 64.87) (size 0.6858) (drill 0.3048) (layers F.Cu B.Cu) (net 1))
  (segment (start 116.34 73.16) (end 116.34 73.0515) (width 0.4064) (layer F.Cu) (net 1))
  (via (at 115.86 66.56) (size 0.6858) (drill 0.3048) (layers F.Cu B.Cu) (net 1))
  (via (at 117.75 66.44) (size 0.6858) (drill 0.3048) (layers F.Cu B.Cu) (net 1))
  (via (at 116.78 66.77) (size 0.6858) (drill 0.3048) (layers F.Cu B.Cu) (net 1))
  (segment (start 118.802 69.0145) (end 118.762 69.0545) (width 0.4064) (layer F.Cu) (net 2))
  (segment (start 118.802 65.2615) (end 118.802 69.0145) (width 0.4064) (layer F.Cu) (net 2))
  (segment (start 118.762 69.0545) (end 120.794 69.0545) (width 0.4064) (layer F.Cu) (net 2))
  (segment (start 122.2715 69.0545) (end 122.584 68.742) (width 0.4064) (layer F.Cu) (net 2))
  (segment (start 120.794 69.0545) (end 122.2715 69.0545) (width 0.4064) (layer F.Cu) (net 2))
  (segment (start 122.7025 68.6235) (end 122.584 68.742) (width 0.4064) (layer F.Cu) (net 2))
  (segment (start 122.7025 65.75) (end 122.7025 68.6235) (width 0.4064) (layer F.Cu) (net 2))
  (segment (start 122.1865 57.92) (end 122.2085 57.898) (width 0.4064) (layer F.Cu) (net 3))
  (segment (start 116.34 57.92) (end 122.1865 57.92) (width 0.4064) (layer F.Cu) (net 3))
  (segment (start 124.2915 62.2915) (end 123.946 61.946) (width 0.4064) (layer F.Cu) (net 4))
  (segment (start 124.2915 63.994) (end 124.2915 62.2915) (width 0.4064) (layer F.Cu) (net 4))
  (segment (start 123.946 58.0605) (end 123.7835 57.898) (width 0.4064) (layer F.Cu) (net 4))
  (segment (start 123.946 61.946) (end 123.946 58.0605) (width 0.4064) (layer F.Cu) (net 4))
  (segment (start 124.2915 65.736) (end 124.2775 65.75) (width 0.4064) (layer F.Cu) (net 4))
  (segment (start 124.2915 63.994) (end 124.2915 65.736) (width 0.4064) (layer F.Cu) (net 4))
  (segment (start 105.975 72.955) (end 106.18 73.16) (width 0.4064) (layer F.Cu) (net 5))
  (segment (start 105.975 65.54) (end 105.975 72.955) (width 0.4064) (layer F.Cu) (net 5))
  (segment (start 118.514067 72.009) (end 118.999 72.009) (width 0.4064) (layer B.Cu) (net 6))
  (segment (start 112.950001 67.250001) (end 117.709 72.009) (width 0.4064) (layer B.Cu) (net 6))
  (segment (start 113.8 57.92) (end 112.950001 58.769999) (width 0.4064) (layer B.Cu) (net 6))
  (segment (start 112.950001 58.769999) (end 112.950001 67.250001) (width 0.4064) (layer B.Cu) (net 6))
  (segment (start 117.709 72.009) (end 118.514067 72.009) (width 0.4064) (layer B.Cu) (net 6))
  (via (at 118.999 72.009) (size 0.6858) (drill 0.3048) (layers F.Cu B.Cu) (net 6))
  (segment (start 124.46 72.009) (end 119.483933 72.009) (width 0.4064) (layer F.Cu) (net 6))
  (segment (start 124.484 71.985) (end 124.46 72.009) (width 0.4064) (layer F.Cu) (net 6))
  (segment (start 119.483933 72.009) (end 118.999 72.009) (width 0.4064) (layer F.Cu) (net 6))
  (segment (start 124.484 70.942) (end 124.484 71.985) (width 0.4064) (layer F.Cu) (net 6))
  (segment (start 124.5075 72.0085) (end 124.5075 73.025) (width 0.4064) (layer F.Cu) (net 6))
  (segment (start 124.484 71.985) (end 124.5075 72.0085) (width 0.4064) (layer F.Cu) (net 6))
  (segment (start 118.762 70.6295) (end 120.794 70.6295) (width 0.4064) (layer F.Cu) (net 7))
  (segment (start 122.2715 70.6295) (end 122.584 70.942) (width 0.4064) (layer F.Cu) (net 7))
  (segment (start 120.794 70.6295) (end 122.2715 70.6295) (width 0.4064) (layer F.Cu) (net 7))
  (segment (start 113.7905 70.6295) (end 111.26 73.16) (width 0.4064) (layer F.Cu) (net 7))
  (segment (start 118.762 70.6295) (end 113.7905 70.6295) (width 0.4064) (layer F.Cu) (net 7))
  (segment (start 116.1285 63.6865) (end 114.275 65.54) (width 0.4064) (layer F.Cu) (net 8))
  (segment (start 116.77 63.6865) (end 116.1285 63.6865) (width 0.4064) (layer F.Cu) (net 8))
  (segment (start 118.802 63.6865) (end 116.77 63.6865) (width 0.4064) (layer F.Cu) (net 8))
  (segment (start 114.275 67.605) (end 108.72 73.16) (width 0.4064) (layer F.Cu) (net 8))
  (segment (start 114.275 65.54) (end 114.275 67.605) (width 0.4064) (layer F.Cu) (net 8))

  (zone (net 1) (net_name GND) (layer F.Cu) (tstamp 5FCE36BA) (hatch edge 0.508)
    (connect_pads (clearance 0.508))
    (min_thickness 0.254)
    (fill yes (arc_segments 16) (thermal_gap 0.508) (thermal_bridge_width 0.508))
    (polygon
      (pts
        (xy 101 56) (xy 101 75) (xy 126 75) (xy 126 56)
      )
    )
    (filled_polygon
      (pts
        (xy 102.444817 57.038642) (xy 102.198514 57.563108) (xy 102.319181 57.793) (xy 103.513 57.793) (xy 103.513 57.773)
        (xy 103.767 57.773) (xy 103.767 57.793) (xy 106.053 57.793) (xy 106.053 57.773) (xy 106.307 57.773)
        (xy 106.307 57.793) (xy 108.593 57.793) (xy 108.593 57.773) (xy 108.847 57.773) (xy 108.847 57.793)
        (xy 111.133 57.793) (xy 111.133 57.773) (xy 111.387 57.773) (xy 111.387 57.793) (xy 111.407 57.793)
        (xy 111.407 58.047) (xy 111.387 58.047) (xy 111.387 59.240155) (xy 111.61689 59.361476) (xy 112.026924 59.191645)
        (xy 112.455183 58.801358) (xy 112.516157 58.671522) (xy 112.729375 58.990625) (xy 113.220582 59.318839) (xy 113.653744 59.405)
        (xy 113.946256 59.405) (xy 114.379418 59.318839) (xy 114.870625 58.990625) (xy 115.07 58.692239) (xy 115.269375 58.990625)
        (xy 115.760582 59.318839) (xy 116.193744 59.405) (xy 116.486256 59.405) (xy 116.919418 59.318839) (xy 117.410625 58.990625)
        (xy 117.565926 58.7582) (xy 121.371555 58.7582) (xy 121.377261 58.766739) (xy 121.658273 58.954505) (xy 121.98975 59.02044)
        (xy 122.164757 59.02044) (xy 122.138191 59.038191) (xy 121.997843 59.248235) (xy 121.94856 59.496) (xy 121.94856 60.396)
        (xy 121.997843 60.643765) (xy 122.138191 60.853809) (xy 122.258531 60.934219) (xy 122.173 61.01975) (xy 122.173 61.819)
        (xy 122.193 61.819) (xy 122.193 62.073) (xy 122.173 62.073) (xy 122.173 62.093) (xy 121.919 62.093)
        (xy 121.919 62.073) (xy 121.16975 62.073) (xy 121.011 62.23175) (xy 121.011 62.522309) (xy 121.107673 62.755698)
        (xy 121.286301 62.934327) (xy 121.51969 63.031) (xy 121.76025 63.031) (xy 121.918998 62.872252) (xy 121.918998 62.980977)
        (xy 121.740673 63.159301) (xy 121.644 63.39269) (xy 121.644 63.70825) (xy 121.80275 63.867) (xy 122.5895 63.867)
        (xy 122.5895 63.847) (xy 122.8435 63.847) (xy 122.8435 63.867) (xy 122.8635 63.867) (xy 122.8635 64.121)
        (xy 122.8435 64.121) (xy 122.8435 64.141) (xy 122.5895 64.141) (xy 122.5895 64.121) (xy 121.80275 64.121)
        (xy 121.644 64.27975) (xy 121.644 64.59531) (xy 121.740673 64.828699) (xy 121.840008 64.928034) (xy 121.683495 65.162273)
        (xy 121.61756 65.49375) (xy 121.61756 66.00625) (xy 121.683495 66.337727) (xy 121.8643 66.608322) (xy 121.864301 67.712022)
        (xy 121.801191 67.754191) (xy 121.660843 67.964235) (xy 121.615587 68.191755) (xy 121.381727 68.035495) (xy 121.05025 67.96956)
        (xy 120.53775 67.96956) (xy 120.206273 68.035495) (xy 119.935679 68.2163) (xy 119.6402 68.2163) (xy 119.6402 66.113144)
        (xy 119.670739 66.092739) (xy 119.858505 65.811727) (xy 119.92444 65.48025) (xy 119.92444 65.04275) (xy 119.858505 64.711273)
        (xy 119.699964 64.474) (xy 119.858505 64.236727) (xy 119.92444 63.90525) (xy 119.92444 63.46775) (xy 119.858505 63.136273)
        (xy 119.670739 62.855261) (xy 119.389727 62.667495) (xy 119.05825 62.60156) (xy 118.54575 62.60156) (xy 118.214273 62.667495)
        (xy 117.943679 62.8483) (xy 117.628321 62.8483) (xy 117.357727 62.667495) (xy 117.02625 62.60156) (xy 116.51375 62.60156)
        (xy 116.182273 62.667495) (xy 115.901261 62.855261) (xy 115.884448 62.880424) (xy 115.801451 62.896933) (xy 115.801449 62.896934)
        (xy 115.80145 62.896934) (xy 115.594177 63.035429) (xy 115.594176 63.03543) (xy 115.524192 63.082192) (xy 115.47743 63.152176)
        (xy 114.862666 63.766941) (xy 114.8154 63.735359) (xy 114.275 63.627867) (xy 113.734601 63.735359) (xy 113.276472 64.041471)
        (xy 112.970359 64.4996) (xy 112.89 64.903593) (xy 112.89 66.176406) (xy 112.970359 66.580399) (xy 113.276471 67.038528)
        (xy 113.436801 67.145657) (xy 113.436801 67.257805) (xy 108.994164 71.700442) (xy 108.866256 71.675) (xy 108.573744 71.675)
        (xy 108.140582 71.761161) (xy 107.649375 72.089375) (xy 107.45 72.387761) (xy 107.250625 72.089375) (xy 106.8132 71.797097)
        (xy 106.8132 67.155791) (xy 107.009576 67.024577) (xy 107.32674 66.549909) (xy 107.370755 66.328632) (xy 107.545034 66.74938)
        (xy 108.14562 67.349966) (xy 108.930322 67.675) (xy 109.779678 67.675) (xy 110.56438 67.349966) (xy 111.164966 66.74938)
        (xy 111.49 65.964678) (xy 111.49 65.115322) (xy 111.164966 64.33062) (xy 110.56438 63.730034) (xy 109.779678 63.405)
        (xy 108.930322 63.405) (xy 108.14562 63.730034) (xy 107.545034 64.33062) (xy 107.370755 64.751368) (xy 107.32674 64.530091)
        (xy 107.009577 64.055423) (xy 106.534909 63.73826) (xy 105.975 63.626887) (xy 105.415092 63.73826) (xy 104.940424 64.055423)
        (xy 104.62326 64.530091) (xy 104.54 64.948667) (xy 104.54 66.131332) (xy 104.62326 66.549908) (xy 104.940423 67.024576)
